0,0
0,0
0,0
0,0
0,0
0,0
0,0
0,0
0,0
0,0
0,0
0,0
0,0
0,0
0,0
0,0
0,0
0,0
0,0
0,0
0,0
0,0
0,0
0,0
0,0
0,0
0,0
0,0
0,0
0,0
0,0
0,0
0,0
0,0
0,0
0,0
0,0
0,0
0,0
0,0
0,0
0,0
0,0
0,0
0,0
0,0
0,0
0,0
0,0
0,0
0,0
0,0
0,0
0,0
0,0
0,0
0,0
0,0
0,0
0,0
0,0
0,0
0,0
0,0
0,0
0,0
0,0
0,0
0,0
0,0
0,0
0,0
0,0
0,0
0,0
0,0
0,0
0,0
0,0
0,0
0,0
0,0
0,0
0,0
0,0
0,0
0,0
0,0
0,0
0,0
0,0
0,0
0,0
0,0
0,0
0,0
0,0
0,0
0,0
0,0
0,0
0,0
0,0
0,0
0,0
0,0
0,0
0,0
0,0
0,0
0,0
0,0
0,0
0,0
0,0
0,0
0,0
0,0
0,0
0,0
0,0
0,0
0,0
0,0
0,0
0,0
0,0
0,0
0,0
0,0
0,0
0,0
0,0
0,0
0,0
0,0
0,0
0,0
0,0
0,0
0,0
0,0
0,0
0,0
0,0
0,0
0,0
0,0
0,0
0,0
0,0
0,0
0,0
0,0
0,0
0,0
0,0
0,0
0,0
0,0
0,0
0,0
0,0
0,0
0,0
0,0
0,0
0,0
0,0
0,0
0,0
0,0
0,0
0,0
0,0
0,0
0,0
0,0
0,0
0,0
0,0
0,0
0,0
0,0
0,0
0,0
0,0
0,0
0,0
0,0
0,0
0,0
0,0
0,0
0,0
0,0
0,0
0,0
0,0
0,0
0,0
0,0
0,0
0,0
0,0
0,0
0,0
0,0
0,0
0,0
0,0
0,0
0,0
0,0
0,0
0,0
0,0
0,0
0,0
0,0
0,0
0,0
0,0
0,0
0,0
0,0
0,0
0,0
0,0
0,0
0,0
0,0
0,0
0,0
0,0
0,0
0,0
0,0
0,0
0,0
0,0
0,0
0,0
0,0
0,0
0,0
0,0
0,0
0,0
0,0
0,0
0,0
0,0
0,0
0,0
0,0
0,0.019556
0,0.021392
0,0.022366
0,0.021726
0,0.022004
0,0.022088
0,0.022004
0,0.022116
0,0.022755
0,0.023228
0,0.02359
0,0.019278
0,0.016413
0,0.019473
0,0.01875
0,0.017971
0,0.016552
0,0.015968
0,0.015217
0,0.013826
0,0.016246
0,0.017609
0,0.017386
0,0.017136
0,0.015662
0,0.014772
0,0.016274
0,0.01505
0,0.014799
0,0.014438
0,0.01402
0,0.013548
0,0.013353
0,0.013102
0,0.013075
0,0.012546
0,0.013019
0,0.01288
0,0.012435
0,0.012323
0,0.012157
0,0.012101
0,0.01199
0,0.011934
0,0.011489
0,0.011183
0,0.011266
0,0.011294
0,0.011211
0,0.011183
0,0.010877
0,0.010905
0,0.010682
0,0.010599
0,0.010515
0,0.010432
1,0.010321
1,0.010293
1,0.010293
1,0.010376
1,0.010432
1,0.010849
1,0.011489
1,0.013102
1,0.015634
1,0.018638
1,0.019807
1,0.019334
1,0.019445
1,0.019389
1,0.01772
1,0.017637
1,0.016941
1,0.017025
1,0.018527
1,0.018889
1,0.016997
1,0.016246
1,0.015495
1,0.015328
1,0.015161
1,0.015968
1,0.017025
1,0.017665
1,0.018805
1,0.019779
1,0.019306
1,0.019779
1,0.019779
1,0.019807
1,0.019473
1,0.019222
1,0.018471
1,0.01772
1,0.017192
1,0.016496
1,0.015801
1,0.015189
1,0.014605
1,0.014048
1,0.013603
1,0.013158
1,0.012769
1,0.012351
1,0.012101
1,0.011934
1,0.011433
1,0.011211
1,0.010905
1,0.010599
1,0.010432
1,0.010209
1,0.010154
1,0.0097642
1,0.0096251
1,0.0094582
1,0.0093191
1,0.0092357
1,0.0089297
1,0.008874
1,0.0087349
1,0.008568
1,0.0084568
1,0.0083733
1,0.0083177
1,0.0082064
1,0.0082064
1,0.0081508
1,0.0078169
1,0.0077335
1,0.0076222
1,0.0075666
1,0.0075109
1,0.0074831
1,0.0073162
1,0.0073162
1,0.0071771
1,0.0071493
1,0.0070937
1,0.0070937
1,0.0070658
1,0.0069546
1,0.0068989
1,0.0068711
1,0.0068433
1,0.0067877
1,0.006732
1,0.0067042
1,0.0066764
1,0.0066486
1,0.0066208
1,0.0066208
1,0.0065929
1,0.0065651
1,0.0065651
1,0.0065373
1,0.0065373
1,0.0065095
1,0.006426
1,0.006426
1,0.0062591
1,0.0062591
1,0.0062035
1,0.0061757
1,0.0061478
1,0.0061478
1,0.0061478
1,0.00612
1,0.00612
1,0.0060366
1,0.0059809
1,0.0059809
1,0.0059531
1,0.0059253
1,0.0058697
1,0.0058418
1,0.005814
1,0.005814
1,0.0057584
1,0.0057306
1,0.0057027
1,0.0057027
1,0.0057027
1,0.0057027
1,0.0056749
1,0.0056471
1,0.0056471
1,0.0056471
1,0.0057584
1,0.0059531
1,0.0094026
1,0.013854
1,0.01402
1,0.01288
1,0.012212
1,0.01199
1,0.011767
1,0.011545
1,0.011322
1,0.011795
1,0.011767
1,0.011878
1,0.012184
1,0.012602
1,0.012741
1,0.01224
1,0.011934
1,0.011962
1,0.01224
1,0.013047
1,0.01377
1,0.013965
1,0.014883
1,0.01441
1,0.015439
1,0.016663
1,0.017275
1,0.018054
1,0.019056
1,0.019723
1,0.019779
1,0.019918
1,0.01964
1,0.019417
1,0.019111
1,0.018527
1,0.017776
1,0.017526
1,0.016858
1,0.01619
1,0.015662
1,0.014911
1,0.014326
1,0.013881
1,0.013297
1,0.012796
1,0.012351
1,0.012101
1,0.011878
1,0.011322
1,0.011044
1,0.010654
1,0.010515
1,0.010321
1,0.010209
1,0.0098755
1,0.0096808
1,0.009486
1,0.0093191
1,0.0091522
1,0.0089853
1,0.008874
1,0.0087071
1,0.0085402
1,0.0084289
1,0.0083455
1,0.0082898
1,0.0082064
1,0.0078726
1,0.0078169
1,0.0077057
1,0.0075944
1,0.0075388
1,0.0074831
1,0.0072049
1,0.0071493
1,0.0071215
1,0.0070937
1,0.007038
1,0.0068989
1,0.0068433
1,0.0067598
1,0.0066764
1,0.0066208
1,0.0065929
1,0.0065651
1,0.0065373
1,0.0065095
1,0.006426
1,0.006426
1,0.0062313
1,0.0061757
1,0.0061757
1,0.0061478
1,0.00612
1,0.0060366
1,0.0060087
1,0.0059531
1,0.0059531
1,0.0058975
1,0.0058418
1,0.0057862
1,0.0057584
1,0.0057306
1,0.0057306
1,0.0057027
1,0.0057027
1,0.0057027
1,0.0057306
1,0.0057306
1,0.0057306
1,0.0057306
1,0.0057027
1,0.0057306
1,0.0057306
1,0.0057584
1,0.0057306
1,0.0057306
1,0.0057027
1,0.0057027
1,0.0057027
1,0.0055637
1,0.0055915
1,0.0055915
1,0.0057306
1,0.00612
1,0.0070937
1,0.0078169
1,0.0083733
1,0.0096251
1,0.012602
1,0.013047
1,0.013408
1,0.012546
1,0.012769
1,0.011572
1,0.012991
1,0.011545
1,0.011628
1,0.011684
1,0.011823
1,0.01199
1,0.012323
1,0.012629
1,0.012435
1,0.011906
1,0.011656
1,0.011906
1,0.012685
1,0.012518
1,0.012073
1,0.011795
1,0.012101
1,0.011934
1,0.011851
1,0.011684
1,0.011656
1,0.011739
1,0.012017
1,0.011851
1,0.011823
1,0.01199
1,0.012435
1,0.012741
1,0.013269
1,0.013242
1,0.013242
1,0.013548
1,0.013993
1,0.014326
1,0.015078
1,0.014883
1,0.013937
1,0.01313
1,0.012351
1,0.012574
1,0.011628
1,0.011016
1,0.012101
1,0.011767
1,0.011517
1,0.011767
1,0.011489
1,0.011294
1,0.010404
1,0.010265
1,0.010098
1,0.011545
1,0.012685
1,0.013019
1,0.012045
1,0.012323
1,0.01199
1,0.012407
1,0.013075
1,0.013381
1,0.013548
1,0.013242
1,0.013714
1,0.013937
1,0.013186
1,0.013214
1,0.013408
1,0.013381
1,0.014104
1,0.015244
1,0.015996
1,0.016802
1,0.017665
1,0.018388
1,0.018499
1,0.018972
1,0.018694
1,0.018444
1,0.018555
1,0.018972
1,0.018861
1,0.018444
1,0.018889
1,0.017998
1,0.017609
1,0.016663
1,0.016886
1,0.017136
1,0.017108
1,0.017386
1,0.017526
1,0.017637
1,0.018416
1,0.018499
1,0.018944
1,0.019528
1,0.019807
1,0.02014
1,0.020641
1,0.020085
1,0.019556
1,0.018277
1,0.01683
1,0.015717
1,0.014744
1,0.013603
1,0.013297
1,0.012435
1,0.011934
1,0.0116
1,0.011322
1,0.011016
1,0.010821
1,0.01096
1,0.010988
1,0.011322
1,0.011322
1,0.011322
1,0.011322
1,0.011545
1,0.0095139
1,0.010126
1,0.010209
1,0.010265
1,0.010404
1,0.010793
1,0.010988
1,0.011155
1,0.011628
1,0.011656
1,0.012184
1,0.012657
1,0.013603
1,0.014299
1,0.014215
1,0.015244
1,0.01619
1,0.017053
1,0.017915
1,0.018416
1,0.01875
1,0.018722
1,0.018221
1,0.017998
1,0.017609
1,0.017108
1,0.016608
1,0.016051
1,0.015495
1,0.015022
1,0.014605
1,0.014132
1,0.01377
1,0.013325
1,0.012991
1,0.012574
1,0.012268
1,0.01199
1,0.011851
1,0.011322
1,0.011099
1,0.010738
1,0.010571
1,0.010348
1,0.010209
1,0.010126
1,0.009792
1,0.0096251
1,0.0094582
1,0.0093191
1,0.0092913
1,0.0090409
1,0.0089018
1,0.0088462
1,0.0086793
1,0.008568
1,0.0084568
1,0.0084289
1,0.0083733
1,0.0083177
1,0.0082064
1,0.0082064
1,0.0081786
1,0.0077891
1,0.0077335
1,0.0079282
1,0.0084289
1,0.0075944
1,0.00765
1,0.0075666
1,0.0074831
1,0.0073162
1,0.0072328
1,0.0072049
1,0.0071493
1,0.0071493
1,0.0070937
1,0.007038
1,0.0069268
1,0.0068711
1,0.0068433
1,0.0067598
1,0.006732
1,0.0066764
1,0.0066208
1,0.0065929
1,0.0065373
1,0.0065373
1,0.0065095
1,0.006426
1,0.006426
1,0.006426
1,0.006426
1,0.0062035
1,0.0061757
1,0.0061478
1,0.00612
1,0.00612
1,0.0060366
1,0.0060087
1,0.0059809
1,0.0059531
1,0.0059253
1,0.0058975
1,0.0058697
1,0.0058418
1,0.0057862
1,0.0057584
1,0.0057584
1,0.0057306
1,0.0057584
1,0.0057027
1,0.0056749
1,0.0056471
1,0.0056471
1,0.0056471
1,0.0055358
1,0.0055358
1,0.0055358
1,0.0055358
1,0.0054524
1,0.0054246
1,0.0053967
1,0.0053689
1,0.0053411
1,0.0053133
1,0.0053133
1,0.0052855
1,0.0052855
1,0.0052577
1,0.0052577
1,0.0052577
1,0.0052298
1,0.005202
1,0.005202
1,0.005202
1,0.005202
1,0.0051742
1,0.0051742
1,0.0050907
1,0.0050907
1,0.0050629
1,0.0050351
1,0.0050351
1,0.0050351
1,0.0050351
1,0.0050351
1,0.0050073
1,0.0050351
1,0.0050351
1,0.0050351
1,0.0050351
1,0.0050629
1,0.0050907
1,0.0050907
1,0.0051186
1,0.0051742
1,0.0052298
1,0.0056749
1,0.0058697
1,0.0058697
1,0.0057306
1,0.0055358
0,0.0053967
0,0.0053411
0,0.0052577
0,0.0052298
0,0.0052298
0,0.005202
0,0.0051186
0,0.0050907
0,0.0050351
0,0.0050073
0,0.0049795
0,0.0050073
0,0.0049795
0,0.0049517
0,0.0049517
0,0.004896
0,0.0048682
0,0.0048404
0,0.0046178
0,0.0045066
0,0.00459
0,0.0046457
0,0.0047569
0,0.0047291
0,0.0048126
0,0.0047569
0,0.0047291
0,0.0046457
0,0.0046457
0,0.0046457
0,0.0047291
0,0.0046457
0,0.0046457
0,0.0046457
0,0.0046457
0,0.0046457
0,0.0047569
0,0.0046457
0,0.0046457
0,0.0046457
0,0.0046457
0,0.0046457
0,0.0046457
0,0.0046457
0,0.0046457
0,0.0046178
0,0.0046178
0,0.0046178
0,0.00459
0,0.00459
0,0.0045622
0,0.0045344
0,0.0045344
0,0.0045344
0,0.0045344
0,0.0045344
0,0.0045066
0,0.0045066
0,0.0045066
0,0.0044787
0,0.0044787
0,0.0044787
0,0.0044509
0,0.0044231
0,0.0044231
0,0.0044231
0,0.0044231
0,0.0044231
0,0.0044231
0,0.0042006
0,0.0041171
0,0.0042006
0,0.0041171
0,0.0041171
0,0.0041171
0,0.0040615
0,0.0038667
0,0.003978
0,0.0040893
0,0.0040615
0,0.0040615
0,0.0040615
0,0.0040615
0,0.0040615
0,0.0040615
0,0.0040615
0,0.0040615
0,0.0040615
0,0.0040615
0,0.0040615
0,0.0040615
0,0.0040615
0,0.0040615
0,0.0040615
0,0.0040615
0,0.0040615
0,0.0040615
0,0.0040615
0,0.0040615
0,0.0040615
0,0.0040337
0,0.0040337
0,0.0040615
0,0.0040337
0,0.0040337
0,0.0040615
0,0.0040615
0,0.0040893
0,0.0040615
0,0.0040337
0,0.0040337
0,0.0040058
0,0.003978
0,0.0040058
0,0.0040058
0,0.0040058
0,0.0040337
0,0.0040337
0,0.0040058
0,0.0040337
0,0.0040058
0,0.0040337
0,0.0040337
0,0.0040337
0,0.0040058
0,0.003978
0,0.0039502
0,0.0039502
0,0.0038389
0,0.003978
0,0.0038667
0,0.0039502
0,0.0038667
0,0.0038389
0,0.0038389
0,0.0038389
0,0.0038111
0,0.0038111
0,0.0038111
0,0.0038111
0,0.0038111
0,0.0038111
0,0.0038389
0,0.0038111
0,0.0038111
0,0.0038111
0,0.0038111
0,0.0038111
0,0.0038111
0,0.0038111
0,0.0038111
0,0.0038111
0,0.0038111
0,0.0038389
0,0.0038389
0,0.0038389
0,0.0038111
0,0.0038111
0,0.0038111
0,0.0038111
0,0.0038111
0,0.0038111
0,0.0038111
0,0.0038111
0,0.0038111
0,0.0038111
0,0.0038111
0,0.0038111
0,0.0038946
0,0.0038667
0,0.0038111
0,0.0038111
0,0.0038111
0,0.0038111
0,0.0038111
0,0.0038389
0,0.0038389
0,0.0038389
0,0.0038389
1,0.0038389
1,0.0038389
1,0.003978
1,0.0040058
1,0.003978
1,0.0038667
1,0.0038667
1,0.0040058
1,0.0041449
1,0.0046457
1,0.0050073
1,0.0060366
1,0.0058418
1,0.0062035
1,0.00765
1,0.0090131
1,0.0090131
1,0.010293
1,0.010348
1,0.010793
1,0.011545
1,0.01224
1,0.014187
1,0.013714
1,0.013603
1,0.013436
1,0.012713
1,0.01199
1,0.011239
1,0.010487
1,0.0099868
1,0.0094582
1,0.0090966
1,0.0087071
1,0.0083177
1,0.0081229
1,0.0077057
1,0.0073718
1,0.0072884
1,0.0069546
1,0.006732
1,0.0065373
1,0.0063982
1,0.0062869
1,0.0059809
1,0.0057584
1,0.0055915
1,0.005508
1,0.0054524
1,0.0052298
1,0.0051464
1,0.0050629
1,0.0049238
1,0.0048404
1,0.0047569
1,0.0046735
1,0.00459
1,0.0045622
1,0.0045344
1,0.0044787
1,0.0044231
1,0.0044231
1,0.0043953
1,0.0043397
1,0.0042006
1,0.0042006
1,0.0039224
1,0.0038946
1,0.0038667
1,0.0038111
1,0.0037555
1,0.0037555
1,0.0037555
1,0.0037276
1,0.0036998
1,0.003672
1,0.0036164
1,0.0036164
1,0.0035886
1,0.0035329
1,0.0035329
1,0.0035329
1,0.0034216
1,0.0031991
1,0.0030878
1,0.0031713
1,0.0033104
1,0.0032826
1,0.0032547
1,0.0031991
1,0.0031713
1,0.0031713
1,0.0031435
1,0.0030878
1,0.0031435
1,0.0030878
1,0.0030322
1,0.0030322
1,0.0030044
1,0.0029766
1,0.0029766
1,0.0029487
1,0.0029209
1,0.0029209
1,0.0029209
1,0.0028653
1,0.0028653
1,0.0028375
1,0.0028375
1,0.0028096
1,0.0028653
1,0.0028096
1,0.0028096
1,0.002754
1,0.002754
1,0.002754
1,0.002754
1,0.0027262
1,0.0027262
1,0.002754
1,0.0027262
1,0.0027262
1,0.0027262
1,0.0026984
1,0.0026984
1,0.0026984
1,0.0026984
1,0.0026984
1,0.0026984
1,0.0026706
1,0.0026706
1,0.0026427
1,0.0026427
1,0.0026427
1,0.0026427
1,0.0026427
1,0.0026427
1,0.0026427
1,0.0026427
1,0.0026427
1,0.0026427
1,0.0026427
1,0.0026427
1,0.0026427
1,0.0026427
1,0.0026427
1,0.0026427
1,0.0026427
1,0.0026427
1,0.0026427
1,0.0026427
1,0.0026427
1,0.0026427
1,0.0026427
1,0.0026149
1,0.0026149
1,0.0026149
1,0.0026149
1,0.0026149
1,0.0026149
1,0.0026149
1,0.0026149
1,0.0026149
1,0.0026149
1,0.0026149
1,0.0025871
0,0.0025871
0,0.0025871
0,0.0025871
0,0.0026427
0,0.0026149
0,0.0026149
0,0.0026149
0,0.0026149
0,0.0026149
0,0.0026149
0,0.0026149
0,0.0026149
0,0.0026149
0,0.0025871
0,0.0025871
0,0.0025871
0,0.0025871
0,0.0025871
0,0.0025871
0,0.0025871
0,0.0025871
0,0.0025871
0,0.0025871
0,0.0025871
0,0.0025871
0,0.0025871
0,0.0025871
0,0.0025871
0,0.0025871
0,0.0025871
0,0.0026149
0,0.0025871
0,0.0025593
0,0.0025593
0,0.0025593
0,0.0025593
0,0.0025593
0,0.0025315
0,0.0025593
0,0.0025593
0,0.0025593
0,0.0025593
0,0.0025593
0,0.0025593
0,0.0025593
0,0.0025315
0,0.0019473
0,0.0018916
0,0.0019473
0,0.0019473
0,0.0019473
0,0.0019473
0,0.0019473
0,0.0019473
0,0.0019751
0,0.0020029
0,0.0020029
0,0.0020307
0,0.0020029
0,0.0020307
0,0.0020029
0,0.0020307
0,0.0020029
0,0.0020029
0,0.0020029
0,0.0020029
0,0.0020029
0,0.0020029
0,0.0020029
0,0.0020029
0,0.0020307
0,0.0020029
0,0.0019751
0,0.0020307
0,0.0020307
0,0.0019751
0,0.0020307
0,0.0020586
0,0.0020586
0,0.0020586
0,0.0020586
0,0.0020586
0,0.0020586
0,0.0020586
0,0.0020586
0,0.0021976
0,0.002142
0,0.0021976
0,0.0021976
0,0.0020864
0,0.0020864
0,0.0020864
0,0.0020586
0,0.0020586
0,0.0020864
0,0.0020864
0,0.0020864
0,0.0021142
0,0.0020864
0,0.0020864
0,0.0020864
0,0.0020864
0,0.0020864
0,0.0020864
0,0.0021142
0,0.0020864
0,0.0020586
0,0.0020586
0,0.0020307
0,0.0020307
0,0.0020307
0,0.0020307
0,0.0020029
0,0.0019751
0,0.0020029
0,0.0020029
0,0.0020029
0,0.0019473
0,0.0019751
0,0.0019473
0,0.0019473
0,0.0019473
0,0.0019473
0,0.0019473
0,0.0020307
0,0.0020307
0,0.002142
0,0.0023367
0,0.0023089
0,0.0022811
0,0.0022255
0,0.0021976
0,0.0021976
0,0.0021976
0,0.0021976
0,0.0021976
0,0.0022255
0,0.0022811
0,0.0022811
0,0.0022811
0,0.0022811
0,0.0022811
0,0.0022811
0,0.0023089
0,0.0023089
0,0.0023089
0,0.0023089
0,0.0023089
0,0.0023089
0,0.0023089
0,0.0023089
0,0.0023089
0,0.0023089
0,0.0023089
0,0.0023089
0,0.0023089
0,0.0023089
0,0.0023089
0,0.0023089
0,0.0023089
0,0.0023367
0,0.0023367
0,0.0023089
0,0.0023646
0,0.0023367
0,0.0023089
0,0.0023367
0,0.0023646
0,0.0023646
0,0.0023367
0,0.0023646
0,0.0023646
0,0.0025315
0,0.0025315
0,0.0023646
0,0.0025593
0,0.0025593
0,0.0023646
0,0.0025593
0,0.0025593
0,0.0025593
0,0.0025593
0,0.0025593
0,0.0025593
0,0.0025593
0,0.0025593
0,0.0025593
0,0.0025593
0,0.0025593
0,0.0025593
0,0.0025593
0,0.0025593
0,0.0025871
0,0.0025871
0,0.0025593
0,0.0025593
0,0.0025871
0,0.0025593
0,0.0025871
0,0.0025871
0,0.0025871
0,0.0025871
0,0.0025871
0,0.0025871
0,0.0025871
0,0.0025871
0,0.0025871
0,0.0025871
0,0.0025871
0,0.0025871
0,0.0025871
0,0.0025871
0,0.0025871
0,0.0025871
0,0.0025871
0,0.0025871
0,0.0025871
0,0.0025871
0,0.0025871
0,0.0025871
0,0.0025871
0,0.0025871
0,0.0026149
0,0.0025871
0,0.0025871
0,0.0025871
0,0.0025871
0,0.0025593
0,0.0025593
0,0.0025593
0,0.0025593
0,0.0025315
0,0.0023646
0,0.0025315
0,0.0023646
0,0.0025871
0,0.0025593
0,0.0025593
0,0.0025593
0,0.0025315
0,0.0025593
0,0.0025593
0,0.0025593
0,0.0025593
0,0.0025593
0,0.0025593
0,0.0025593
0,0.0025593
0,0.0025593
0,0.0025593
0,0.0025593
0,0.0025593
0,0.0025871
0,0.0025871
0,0.0025593
0,0.0025593
0,0.0025593
0,0.0025593
0,0.0025593
0,0.0025593
0,0.0025593
0,0.0025593
0,0.0025593
0,0.0025593
0,0.0025593
0,0.0025593
0,0.0025593
0,0.0025593
0,0.0025593
0,0.0025593
0,0.0025593
0,0.0025593
0,0.0025593
0,0.0023367
0,0.0023089
0,0.0023646
0,0.0025593
0,0.0025315
0,0.0025593
0,0.0025593
0,0.0025593
0,0.0025315
0,0.0025593
0,0.0025593
0,0.0025593
0,0.0025315
0,0.0023646
0,0.0025593
0,0.0025593
0,0.0025315
0,0.0023367
0,0.0025593
0,0.0025593
0,0.0025593
0,0.0025593
0,0.0025593
0,0.0025593
0,0.0025593
0,0.0025593
0,0.0025593
0,0.0025593
0,0.0025593
0,0.0025593
0,0.0025593
0,0.0025593
0,0.0025593
0,0.0025593
0,0.0025593
0,0.0025593
0,0.0025593
0,0.0025315
0,0.0025315
0,0.0025593
0,0.0025593
0,0.0025593
0,0.0025593
0,0.0025593
0,0.0025593
0,0.0025593
0,0.0025593
0,0.0025593
0,0.0025593
0,0.0025593
0,0.0025593
0,0.0025593
0,0.0025593
0,0.0025593
0,0.0025593
0,0.0025315
0,0.0025593
0,0.0025593
0,0.0025593
0,0.0025593
0,0.0025593
0,0.0025593
0,0.0025593
0,0.0025593
0,0.0025593
0,0.0025593
0,0.0025593
0,0.0025593
0,0.0025593
0,0.0025593
0,0.0025593
0,0.0025593
0,0.0025593
0,0.0025593
0,0.0025593
0,0.0025593
0,0.0025593
0,0.0025315
0,0.0025593
0,0.0025315
0,0.0025593
0,0.0025593
0,0.0025593
0,0.0025593
0,0.0025593
0,0.0025315
0,0.0025315
0,0.0025593
0,0.0025593
0,0.0025593
0,0.0025315
0,0.0025315
0,0.0025315
0,0.0025315
0,0.0025315
0,0.0025315
0,0.0025315
0,0.0025315
0,0.0023646
0,0.0025315
0,0.0025315
0,0.0025315
0,0.0025315
0,0.0025315
0,0.0025315
0,0.0023367
0,0.0023089
0,0.0023089
0,0.0023089
0,0.0023367
0,0.0025593
0,0.0025593
0,0.0025593
0,0.0025593
0,0.0025593
0,0.0025593
0,0.0025593
0,0.0025593
0,0.0025593
0,0.0025593
0,0.0025593
0,0.0025593
0,0.0025593
0,0.0025593
0,0.0025593
0,0.0025315
0,0.0025593
0,0.0025593
0,0.0025315
0,0.0025593
0,0.0025315
0,0.0025315
0,0.0025315
0,0.0025315
0,0.0025315
0,0.0025593
0,0.0025315
0,0.0023646
0,0.0023367
0,0.0025315
0,0.0025315
0,0.0023646
0,0.0025315
0,0.0025315
0,0.0025315
0,0.0025871
0,0.0025593
0,0.0025593
0,0.0025593
0,0.0025593
0,0.0025315
0,0.0025593
0,0.0025315
0,0.0025593
0,0.0025593
0,0.0025593
0,0.0025315
0,0.0023646
0,0.0025593
0,0.0025593
0,0.0025593
0,0.0025315
0,0.0025593
0,0.0023646
0,0.0025593
0,0.0025593
0,0.0025315
0,0.0025593
0,0.0023646
0,0.0023646
0,0.0025593
0,0.0025871
0,0.0025593
0,0.0023646
0,0.0025315
0,0.0022811
0,0.0022255
0,0.0022811
0,0.0023367
0,0.0025593
0,0.0023646
0,0.0023089
0,0.0023089
0,0.0023367
0,0.0023646
0,0.0023367
0,0.0023367
0,0.0023367
0,0.0023367
