0,0.0002954
0,0
0,0
0,0
0,0
0,0
0,0
0,0
0,0
0,0
0,0
0,0
0,0
0,0
0,0
0,0
0,7.3849e-05
1,0.0001477
1,0.0001477
1,0.00019693
1,0.00019693
1,0.00022155
1,0.00046771
1,0.00022155
1,0.00017231
1,0.00022155
1,0.00022155
1,0.00019693
1,0.00022155
1,0
1,0.0004431
1,0.00022155
1,0.00022155
1,0.00022155
1,0.00022155
1,0.00022155
1,0.00022155
1,0.00022155
1,0.00022155
1,0.00022155
1,0.00022155
1,0.00017231
1,0.00024616
1,0.013957
1,0.013588
1,0.014967
1,0.017059
1,0.016838
1,0.014351
1,0.015311
1,0.015656
1,0.014154
1,0.01349
1,0.014967
1,0.013121
1,0.012899
1,0.010659
1,0.0112
1,0.01184
1,0.0094527
1,0.0096989
1,0.0083203
1,0.0093788
1,0.0084927
1,0.0080742
1,0.0080988
1,0.007508
1,0.0069664
1,0.0075818
1,0.0076803
1,0.0074834
1,0.0080003
1,0.0067695
1,0.0072126
1,0.0089357
1,0.0094773
1,0.011767
1,0.012776
1,0.013613
1,0.013293
1,0.013219
1,0.013687
1,0.013194
1,0.013096
1,0.013859
1,0.016444
1,0.02021
1,0.018462
1,0.017871
1,0.017748
1,0.017231
1,0.017896
1,0.017256
1,0.016591
1,0.015681
1,0.014671
1,0.014622
1,0.014056
1,0.013244
1,0.01317
1,0.012653
1,0.01189
1,0.011348
1,0.010733
1,0.010167
1,0.0097235
1,0.0091819
1,0.0086896
1,0.0083203
1,0.0079757
1,0.0076557
1,0.0071634
1,0.0069664
1,0.006671
1,0.0065726
1,0.0064741
1,0.0059572
1,0.0056618
1,0.0054402
1,0.0052679
1,0.0052187
1,0.0056125
1,0.0056864
1,0.0056864
1,0.0058095
1,0.0057356
1,0.0055633
1,0.0054648
1,0.0053664
1,0.0051202
1,0.0048987
1,0.0047263
1,0.0046279
1,0.0044556
1,0.0043571
1,0.0042586
1,0.0040617
1,0.0039386
1,0.0037663
1,0.0037171
1,0.0036925
1,0.0036432
1,0.003594
1,0.0035448
1,0.0034955
1,0.0034463
1,0.0031263
1,0.003077
1,0.0029786
1,0.0029294
1,0.0029047
1,0.0027324
1,0.002634
1,0.002634
1,0.002634
1,0.0025355
1,0.0022155
1,0.0020924
1,0.0024124
1,0.0025601
1,0.0024863
1,0.0022401
1,0.0023878
1,0.0023878
1,0.0023139
1,0.0022893
1,0.0022401
1,0.0021662
1,0.0022401
1,0.0022155
1,0.0021662
1,0.0021662
1,0.0021416
1,0.0021416
1,0.002117
1,0.002117
1,0.0020924
1,0.0020678
1,0.0020678
1,0.0018955
1,0.0018955
1,0.0018462
1,0.001797
1,0.001797
1,0.0017478
1,0.0016985
1,0.0016739
1,0.0016493
1,0.0016493
1,0.0016001
1,0.0015508
1,0.0015508
1,0.0013785
1,0.0014524
1,0.0014524
1,0.0014278
1,0.0012801
1,0.0014278
1,0.0014031
1,0.0013785
1,0.0013539
1,0.0013539
1,0.0013539
1,0.0013293
1,0.0013293
1,0.001157
1,0.0012062
1,0.0013293
1,0.0011816
1,0.0011816
1,0.0011816
1,0.001157
1,0.001157
1,0.001157
1,0.001157
1,0.001157
1,0.001157
1,0.001157
1,0.001157
1,0.0010831
1,0.0010093
1,0.0011077
1,0.0010585
1,0.0010585
1,0.0010585
1,0.0010585
1,0.0010585
1,0.0010339
1,0.0010339
1,0.0010339
1,0.0010339
1,0.0010339
1,0.00098466
1,0.00096004
1,0.00096004
1,0.00096004
1,0.00096004
1,0.00096004
1,0.00096004
1,0.0010093
1,0.0010093
1,0.00098466
1,0.0010093
1,0.00098466
1,0.00096004
1,0.00096004
1,0.00096004
1,0.00096004
1,0.00096004
1,0.00096004
1,0.00096004
1,0.00098466
1,0.00098466
1,0.00098466
1,0.00096004
1,0.00096004
1,0.00091081
1,0.00086157
1,0.00086157
1,0.00086157
1,0.00088619
1,0.00096004
1,0.00093542
1,0.00093542
1,0.00091081
1,0.00086157
1,0.00096004
1,0.00096004
1,0.00093542
1,0.00096004
1,0.00093542
1,0.00096004
1,0.00091081
1,0.00078772
1,0.00088619
1,0.00086157
1,0.00073849
1,0.00088619
1,0.00093542
1,0.00088619
1,0.00096004
1,0.00091081
1,0.00088619
1,0.00088619
1,0.00088619
1,0.00088619
1,0.00088619
1,0.00086157
1,0.00081234
1,0.0012308
1,0.0025355
1,0.005391
1,0.0084434
1,0.010954
1,0.010167
1,0.010437
1,0.0098712
1,0.0092311
1,0.0091327
1,0.011397
1,0.014081
1,0.012407
1,0.01216
1,0.010708
1,0.010191
1,0.0095758
1,0.01061
1,0.0089604
1,0.0080988
1,0.0086404
1,0.009625
1,0.0091573
1,0.0092065
1,0.010167
1,0.011594
1,0.010807
1,0.010117
1,0.0098958
1,0.008468
1,0.0090342
1,0.008345
1,0.0096496
1,0.010634
1,0.011053
1,0.010142
1,0.0093296
1,0.0090342
1,0.0079511
1,0.0097727
1,0.0092311
1,0.010191
1,0.010659
1,0.011324
1,0.010954
1,0.010831
1,0.008985
1,0.011004
1,0.011373
1,0.011324
1,0.011397
1,0.011053
1,0.010068
1,0.0090096
1,0.0066218
1,0.010314
1,0.0092311
1,0.011028
1,0.010708
1,0.010265
1,0.009625
1,0.0094773
1,0.0095019
1,0.0098958
1,0.0097235
1,0.01061
1,0.011348
1,0.010265
1,0.010708
1,0.010068
1,0.010019
1,0.010511
1,0.010216
1,0.010733
1,0.010043
1,0.0099204
1,0.010462
1,0.010807
1,0.010979
1,0.011594
1,0.011004
1,0.011594
1,0.011865
1,0.011668
1,0.011865
1,0.012776
1,0.013194
1,0.014351
1,0.015287
1,0.015951
1,0.016715
1,0.016124
1,0.015533
1,0.016345
1,0.017158
1,0.018487
1,0.017084
1,0.018438
1,0.018192
1,0.017699
1,0.016715
1,0.016665
1,0.016542
1,0.016862
1,0.016173
1,0.01573
1,0.014745
1,0.014007
1,0.013219
1,0.01253
1,0.01125
1,0.0098219
1,0.010043
1,0.0099696
1,0.0096004
1,0.0086896
1,0.008665
1,0.0082465
1,0.007828
1,0.0076065
1,0.0072126
1,0.0067695
1,0.0067695
1,0.0065972
1,0.0064741
1,0.0059572
1,0.0056618
1,0.0052679
1,0.0052187
1,0.0050217
1,0.0046525
1,0.004554
1,0.0047017
1,0.0046279
1,0.0045294
1,0.004431
1,0.0042586
1,0.0041602
1,0.0040617
1,0.0038648
1,0.0038155
1,0.0037417
1,0.0037171
1,0.0036432
1,0.0036432
1,0.0035694
1,0.0035448
1,0.0034955
1,0.0027817
1,0.002634
1,0.0029786
1,0.0029786
1,0.002954
1,0.002954
1,0.0028801
1,0.002634
1,0.0027324
1,0.0026832
1,0.0026832
1,0.0026832
1,0.0025847
1,0.0025847
1,0.0025601
1,0.002437
1,0.0024863
1,0.002437
1,0.0023878
1,0.0023386
1,0.0020924
1,0.0023386
1,0.0023139
1,0.0022401
1,0.0021909
1,0.0021909
1,0.0021662
1,0.0021416
1,0.0019939
1,0.0014524
1,0.0020678
1,0.0020678
1,0.0020678
1,0.0019447
1,0.0018708
1,0.0020185
1,0.0020185
1,0.0018708
1,0.0018462
1,0.0018216
1,0.0018216
1,0.001797
1,0.001797
1,0.001797
1,0.001797
1,0.0017724
1,0.0017231
1,0.0017231
1,0.0017231
1,0.0017724
1,0.0017231
1,0.0017231
1,0.0016985
1,0.0016985
1,0.0016985
1,0.0016985
1,0.0016493
1,0.0016247
1,0.0016247
1,0.0016247
1,0.0016001
1,0.0015508
1,0.0016001
1,0.0016001
1,0.0016001
1,0.0015508
1,0.0015508
1,0.0015508
1,0.0015508
1,0.0015508
1,0.0015508
1,0.0015508
1,0.0015262
1,0.0015262
1,0.0015262
1,0.0015016
1,0.0015016
1,0.0015016
1,0.0015016
1,0.0015016
1,0.0015016
1,0.0015016
1,0.0015016
1,0.0015016
1,0.0014524
1,0.0014524
1,0.0014524
1,0.0014524
1,0.0014524
1,0.0014524
1,0.0014524
1,0.0014524
1,0.0014524
1,0.0014031
1,0.0014278
1,0.0014278
1,0.0014278
1,0.0014278
1,0.0014278
1,0.0014278
1,0.0014031
1,0.0014031
1,0.0014278
1,0.0014031
1,0.0013539
1,0.0014031
1,0.0014031
1,0.0013539
1,0.0013293
1,0.0012062
1,0.00096004
1,0.00081234
1,0.0013293
1,0.0013293
1,0.0013539
1,0.0013785
1,0.0013785
1,0.0013539
1,0.0013047
1,0.0013539
1,0.0013539
1,0.0013539
1,0.0013539
1,0.0013539
1,0.0013539
1,0.0013539
1,0.0013539
1,0.0013539
1,0.0013539
1,0.0013539
1,0.0013539
1,0.0013785
1,0.0013539
1,0.0013539
1,0.0013539
1,0.0013539
1,0.0013785
1,0.0013785
1,0.0013785
1,0.0013539
1,0.0013539
1,0.0013785
1,0.0013785
1,0.0013539
1,0.0013785
1,0.0013539
1,0.0013785
1,0.0013785
1,0.0013539
1,0.0013539
1,0.0013539
1,0.0013785
1,0.0019447
1,0.0031509
1,0.0057602
1,0.0083203
1,0.0093542
1,0.011004
1,0.014007
1,0.014573
1,0.016001
1,0.015484
1,0.015533
1,0.014893
1,0.015385
1,0.01605
1,0.015434
1,0.016173
1,0.016665
1,0.018265
1,0.019865
1,0.015681
1,0.016001
1,0.016518
1,0.016887
1,0.014991
1,0.01509
1,0.015311
1,0.015705
1,0.017059
1,0.01509
1,0.014401
1,0.014918
1,0.012677
1,0.011865
1,0.012431
1,0.012087
1,0.010954
1,0.0099204
1,0.0083942
1,0.0079265
1,0.0071388
1,0.0063756
1,0.006548
1,0.0063264
1,0.0065233
1,0.0068187
1,0.008148
1,0.0084188
1,0.0084188
1,0.008665
1,0.0091327
1,0.0096742
1,0.01061
1,0.0099696
1,0.010437
1,0.0112
1,0.010487
1,0.011274
1,0.010905
1,0.012382
1,0.012899
1,0.013465
1,0.014425
1,0.015631
1,0.015385
1,0.014893
1,0.014474
1,0.01413
1,0.013957
1,0.013736
1,0.01317
1,0.012973
1,0.01317
1,0.013662
1,0.014573
1,0.014844
1,0.015533
1,0.016173
1,0.016542
1,0.016518
1,0.017158
1,0.016173
1,0.014474
1,0.013957
1,0.014056
1,0.013564
1,0.013613
1,0.014401
1,0.014647
1,0.015238
1,0.015139
1,0.01573
1,0.016025
1,0.016271
1,0.016788
1,0.016911
1,0.017207
1,0.017305
1,0.017355
1,0.016813
1,0.016838
1,0.016936
1,0.017527
1,0.018142
1,0.018635
1,0.018561
1,0.018832
1,0.019398
1,0.019619
1,0.019545
1,0.019718
1,0.019718
1,0.018265
1,0.017601
1,0.017871
1,0.017158
1,0.017527
1,0.018364
1,0.018438
1,0.017404
1,0.016813
1,0.016813
1,0.016124
1,0.015361
1,0.014548
1,0.014007
1,0.013342
1,0.012727
1,0.012259
1,0.01157
1,0.011102
1,0.010659
1,0.01024
1,0.0097727
1,0.0094527
1,0.0089357
1,0.0086404
1,0.008345
1,0.0080496
1,0.0076065
1,0.0072865
1,0.0070649
1,0.0068187
1,0.0065972
1,0.0064741
1,0.0064741
1,0.0059818
1,0.0058833
1,0.0056372
1,0.0053418
1,0.0051941
1,0.0051202
1,0.0049233
1,0.0048248
1,0.0047017
1,0.0046279
1,0.0043571
1,0.004234
1,0.0041356
1,0.0040617
1,0.0040125
1,0.003914
1,0.0038402
1,0.0037171
1,0.0036925
1,0.0036432
1,0.0035694
1,0.0034709
1,0.0034217
1,0.0033478
1,0.0033232
1,0.0032986
1,0.003274
1,0.0032494
1,0.0032494
1,0.0032247
1,0.0032001
1,0.0032001
1,0.0032001
1,0.0032001
1,0.0028801
1,0.0028309
1,0.0028309
1,0.0027817
1,0.0027817
1,0.002757
1,0.0027324
1,0.0027324
1,0.0027078
1,0.0025847
1,0.0025847
1,0.0025601
1,0.0025109
1,0.0024863
1,0.0024863
1,0.0024863
1,0.0024863
1,0.0024124
1,0.0023878
1,0.0023386
1,0.0022893
1,0.0022893
1,0.0022401
1,0.0022401
1,0.0022401
1,0.0022155
1,0.0022155
1,0.0021662
1,0.0021416
1,0.0021416
1,0.0021416
1,0.002117
1,0.0020924
1,0.0020678
1,0.0020678
1,0.0020678
1,0.0020678
1,0.0020678
1,0.0020432
1,0.0020185
1,0.0020185
1,0.0020185
1,0.0019939
1,0.0019939
1,0.0019693
1,0.0016985
1,0.0016001
1,0.0016247
1,0.0017724
1,0.0017724
1,0.0017724
1,0.0017724
1,0.0017724
1,0.0017478
1,0.0017231
1,0.0016985
1,0.0016493
1,0.0016985
1,0.0016985
1,0.0016985
1,0.0016739
1,0.0016247
1,0.0015508
1,0.0013785
1,0.0014524
1,0.0015016
1,0.0013539
1,0.0011816
1,0.00093542
1,0.0012308
1,0.00081234
1,0.0011816
1,0.0012308
1,0.0012308
1,0.0013293
1,0.0014524
1,0.001157
1,0.0013047
1,0.001157
1,0.0013047
1,0.0012308
1,0.001157
1,0.0013785
1,0.0016985
1,0.0056618
1,0.0091081
1,0.012308
1,0.012677
1,0.012874
1,0.014548
1,0.018192
1,0.016567
1,0.016567
1,0.016124
1,0.017724
1,0.015853
1,0.01733
1,0.015533
1,0.015779
1,0.017231
1,0.016321
1,0.016887
1,0.014991
1,0.014031
1,0.014696
1,0.014745
1,0.013662
1,0.012973
1,0.015065
1,0.015041
1,0.017798
1,0.014991
1,0.015336
1,0.011791
1,0.011791
1,0.011373
1,0.011324
1,0.011865
1,0.011053
1,0.010585
1,0.011151
1,0.011127
1,0.012185
1,0.011594
1,0.010807
1,0.011004
1,0.0112
1,0.011176
1,0.011767
1,0.012308
1,0.011102
1,0.011004
1,0.01093
1,0.010782
1,0.010462
1,0.010733
1,0.010954
1,0.010954
1,0.010856
1,0.010856
1,0.01093
1,0.010856
1,0.011053
1,0.011274
1,0.011594
1,0.011791
1,0.012111
1,0.01216
1,0.011988
1,0.012579
1,0.013145
1,0.013933
1,0.014474
1,0.01477
1,0.015164
1,0.015582
1,0.01605
1,0.016099
1,0.016321
1,0.016099
1,0.016419
1,0.016739
1,0.016887
1,0.016862
1,0.016788
1,0.016961
1,0.016591
1,0.016321
1,0.016025
1,0.015681
1,0.015681
1,0.015139
1,0.015705
1,0.015336
1,0.015114
1,0.014671
1,0.017601
1,0.019668
1,0.019841
1,0.019915
1,0.020161
1,0.020702
1,0.020973
1,0.021318
1,0.021047
1,0.020653
1,0.020284
1,0.019619
1,0.018979
1,0.018339
1,0.017453
1,0.016715
1,0.015828
1,0.01541
1,0.014844
1,0.014991
1,0.018118
1,0.017059
1,0.016887
1,0.016198
1,0.015434
1,0.014745
1,0.014007
1,0.013244
1,0.012628
1,0.012185
1,0.011447
1,0.010979
1,0.010487
1,0.010068
1,0.0096742
1,0.0094281
1,0.0089357
1,0.0086404
1,0.008345
1,0.0080742
1,0.0078034
1,0.0075326
1,0.0072618
1,0.0070403
1,0.0068187
1,0.0066464
1,0.0065726
1,0.0064741
1,0.006031
1,0.0058341
1,0.0056864
1,0.0055633
1,0.005391
1,0.0052925
1,0.0052187
1,0.0051448
1,0.0049233
1,0.0048987
1,0.0048002
1,0.0048494
1,0.004751
1,0.0046033
1,0.0045048
1,0.004431
1,0.0042586
1,0.0042094
1,0.0041356
1,0.0040617
1,0.0038648
1,0.0038155
1,0.0038155
1,0.0037417
1,0.0037171
1,0.0036925
1,0.0036432
1,0.0036432
1,0.003594
1,0.0035694
1,0.0035448
1,0.0035448
1,0.0034955
1,0.0034955
1,0.0034709
1,0.0034463
1,0.0031509
1,0.003077
1,0.003077
1,0.0030524
1,0.0029786
1,0.0029786
1,0.002954
1,0.0029047
1,0.0029047
1,0.0028801
1,0.0028555
1,0.0027817
1,0.0027817
1,0.0027078
1,0.0026832
1,0.0026832
1,0.0026832
1,0.0026586
1,0.002634
1,0.0025847
1,0.0025847
1,0.0025601
1,0.0025601
1,0.0025355
1,0.0024863
1,0.0024863
1,0.0024863
1,0.0024124
1,0.0024124
1,0.0023878
1,0.0023878
1,0.0023386
1,0.0023386
1,0.0023386
1,0.0023139
1,0.0022893
1,0.0022893
1,0.0022893
1,0.0022893
1,0.0022893
1,0.0021909
1,0.0021909
1,0.0021909
1,0.0021909
1,0.0021909
1,0.0021909
1,0.0021909
1,0.0021662
1,0.0021662
1,0.0021662
1,0.0021416
1,0.0021662
1,0.0021416
1,0.002117
1,0.002117
1,0.002117
1,0.002117
1,0.002117
1,0.002117
1,0.002117
1,0.002117
1,0.002117
1,0.0020924
1,0.0020924
1,0.0020924
1,0.0020924
1,0.0020924
1,0.0020678
1,0.0020678
1,0.0020678
1,0.0020678
1,0.0020678
1,0.0020678
1,0.0020678
1,0.0020678
1,0.0020678
1,0.0020678
1,0.0020678
1,0.0020432
1,0.0016985
1,0.0017478
1,0.0017231
1,0.0018462
1,0.0015508
1,0.0015016
1,0.0014524
1,0.0015016
1,0.0016001
1,0.0015016
1,0.0014524
1,0.0015016
1,0.0016739
1,0.0016247
1,0.0016493
1,0.0016001
1,0.0015262
1,0.0016001
1,0.0016493
1,0.0016247
1,0.0016247
1,0.0012554
1,0.0029786
1,0.0060556
1,0.008468
1,0.0099204
1,0.011693
1,0.011791
1,0.012185
1,0.012874
1,0.011988
1,0.011939
1,0.012924
1,0.012284
1,0.010142
1,0.009945
1,0.010536
1,0.010216
1,0.009945
1,0.0098958
1,0.0098712
1,0.0093788
1,0.0094281
1,0.0093788
1,0.009625
1,0.0098466
1,0.0095265
1,0.010191
1,0.0099696
1,0.010437
1,0.011053
1,0.0112
1,0.01152
1,0.011644
1,0.011594
1,0.012579
1,0.013761
1,0.014967
1,0.014918
1,0.013071
1,0.011053
1,0.011373
1,0.011939
1,0.011767
1,0.01152
1,0.011176
1,0.010979
1,0.01061
1,0.010782
1,0.010437
1,0.010634
1,0.011816
1,0.012382
1,0.012259
1,0.013121
1,0.012579
1,0.012727
1,0.011348
1,0.01152
1,0.012702
1,0.013711
1,0.013957
1,0.014105
1,0.014893
1,0.015656
1,0.01605
1,0.016813
1,0.017453
1,0.018241
1,0.018438
1,0.019176
1,0.019176
1,0.019225
1,0.018905
1,0.018413
1,0.014671
1,0.017748
1,0.017896
1,0.017305
1,0.017428
1,0.016444
1,0.016124
1,0.015434
1,0.014696
1,0.012505
1,0.012973
1,0.014794
1,0.014007
1,0.013317
1,0.012997
1,0.01253
1,0.013022
1,0.013465
1,0.014228
1,0.01413
1,0.014327
1,0.014942
1,0.015065
1,0.017453
1,0.019028
1,0.017798
1,0.017601
1,0.018118
1,0.017995
1,0.018241
1,0.018192
1,0.017675
1,0.017108
1,0.016567
1,0.015927
1,0.015213
1,0.014548
1,0.014007
1,0.014474
1,0.013465
1,0.013022
1,0.01221
1,0.01056
1,0.011102
1,0.01088
1,0.010511
1,0.010117
1,0.0098958
1,0.0093788
1,0.0088619
1,0.0084434
1,0.0084188
1,0.008148
1,0.0076311
1,0.0074834
1,0.0074095
1,0.0072372
1,0.0069172
1,0.0068434
1,0.0067941
1,0.0070403
1,0.006868
1,0.0067941
1,0.006671
1,0.0062772
1,0.0061049
1,0.0059326
1,0.0057849
1,0.0056618
1,0.0055387
1,0.0054402
1,0.0052925
1,0.0052679
1,0.0051941
1,0.0049725
1,0.0048248
1,0.0046033
1,0.0046033
1,0.0043079
1,0.0042094
1,0.0041602
1,0.0040863
1,0.0040371
1,0.0040125
1,0.0040617
1,0.0042094
1,0.0041602
1,0.0041109
1,0.0040617
1,0.0040125
1,0.003914
1,0.003914
1,0.0037663
1,0.0037663
1,0.0037663
1,0.0037171
1,0.0036925
1,0.0036925
1,0.0036432
1,0.0036432
1,0.0036186
1,0.003594
1,0.003594
1,0.003594
1,0.0035448
1,0.0035201
1,0.0034955
1,0.0033478
1,0.003077
1,0.0030032
1,0.0029786
1,0.0029294
1,0.0029047
1,0.0029047
1,0.0028309
1,0.0029047
1,0.0028801
1,0.002757
1,0.0025355
1,0.0025847
1,0.002634
1,0.0027078
1,0.0023878
1,0.002634
1,0.0025847
1,0.0025601
1,0.0023878
1,0.0023878
1,0.0023386
1,0.0022155
1,0.0019939
1,0.0020432
1,0.0021416
1,0.0022893
1,0.0024863
1,0.0023632
1,0.0022893
1,0.0022893
1,0.0024124
1,0.0025355
1,0.0025109
1,0.0023386
1,0.0022401
1,0.0025109
1,0.0024863
1,0.0024863
1,0.0024863
1,0.0023878
1,0.0024863
1,0.002437
1,0.002437
1,0.0023878
1,0.0024124
1,0.0023878
1,0.0023878
1,0.0023878
1,0.0023386
1,0.0023386
1,0.0023386
1,0.0023386
1,0.0023386
1,0.0023386
1,0.0022893
1,0.0022893
1,0.0022893
1,0.0022893
1,0.0022893
1,0.0023139
1,0.0022893
1,0.0022893
1,0.0022893
1,0.0022893
1,0.0022893
1,0.0022893
1,0.0022401
1,0.0022893
1,0.0022893
1,0.0022893
1,0.0022893
1,0.0022893
1,0.0022893
1,0.0022893
1,0.0022893
1,0.0022401
1,0.0022893
1,0.0022401
1,0.0022893
1,0.0022155
1,0.0022155
1,0.0021909
1,0.0020924
1,0.0019447
1,0.0017478
1,0.0018462
1,0.0020432
1,0.0020432
1,0.0020678
1,0.0017478
1,0.0020432
1,0.001477
1,0.0016493
1,0.0019447
1,0.001797
1,0.0017478
1,0.0019201
1,0.0016985
1,0.0014031
1,0.0015754
1,0.0016985
1,0.001797
1,0.0020185
1,0.0020185
1,0.0018462
1,0.001797
1,0.0017478
1,0.001797
1,0.001477
0,0.0019447
0,0.0031263
0,0.0057356
0,0.0091081
0,0.010191
0,0.0096989
0,0.010708
0,0.011594
0,0.012382
0,0.012357
0,0.01221
0,0.011373
0,0.0112
0,0.012259
0,0.012628
0,0.013194
0,0.011422
0,0.0098219
0,0.01029
0,0.0098219
0,0.0098958
0,0.0097727
0,0.010757
0,0.0054402
0,0.0094035
0,0.0098466
0,0.0098466
0,0.0099943
0,0.011053
0,0.011028
0,0.0099696
0,0.0098219
0,0.010019
0,0.010536
0,0.010659
0,0.011619
0,0.010462
0,0.011225
0,0.011791
0,0.011397
0,0.010265
0,0.0095019
0,0.0094281
0,0.0088127
0,0.0090588
0,0.0099204
0,0.0095019
0,0.010462
0,0.010462
0,0.010216
0,0.010117
0,0.010536
0,0.011594
0,0.011988
0,0.011496
0,0.010437
0,0.010265
0,0.011668
0,0.010413
0,0.01061
0,0.010634
0,0.0112
0,0.012407
0,0.01317
0,0.014253
0,0.015533
0,0.015853
0,0.016985
0,0.016444
0,0.017502
0,0.018265
0,0.019472
0,0.019127
0,0.018265
0,0.01701
0,0.015262
0,0.013859
0,0.012825
0,0.01221
0,0.011496
0,0.012407
0,0.012628
0,0.012505
0,0.012973
0,0.012653
0,0.012554
0,0.012801
0,0.009625
0,0.0096004
0,0.012357
0,0.010093
0,0.0093542
0,0.012456
0,0.011816
0,0.01221
0,0.012284
0,0.012136
0,0.012751
0,0.012997
0,0.012727
0,0.013244
0,0.013785
0,0.014868
0,0.015779
0,0.016715
0,0.016247
0,0.016468
0,0.01637
0,0.016444
0,0.016665
0,0.016739
0,0.013588
0,0.013268
0,0.01285
0,0.0096004
0,0.012259
0,0.011865
0,0.0112
0,0.01152
0,0.01152
0,0.011225
0,0.011397
0,0.012185
0,0.012505
0,0.012505
0,0.012751
0,0.012284
0,0.012382
0,0.01317
0,0.014179
0,0.008468
0,0.010142
0,0.0087388
0,0.009625
0,0.0093296
0,0.010462
0,0.010708
0,0.010019
0,0.0084434
0,0.0096989
0,0.0085173
0,0.010659
0,0.012013
0,0.010807
0,0.0095265
0,0.0083203
0,0.0081234
0,0.012013
0,0.011988
0,0.011496
0,0.011004
0,0.010364
0,0.0090342
0,0.01093
0,0.01088
0,0.0091819
0,0.0084188
0,0.010117
0,0.01088
0,0.011693
0,0.012407
0,0.014105
0,0.012481
0,0.015533
0,0.01477
0,0.014228
0,0.013982
0,0.012702
0,0.01029
0,0.01216
0,0.011053
0,0.010757
0,0.0073111
0,0.0077049
0,0.0090342
0,0.0092558
0,0.0082957
0,0.0096004
0,0.0094527
0,0.0086896
0,0.0093296
0,0.0094281
0,0.0095758
0,0.0099204
0,0.010093
0,0.010043
0,0.0093296
0,0.010167
0,0.009945
0,0.010068
0,0.0079265
0,0.010068
0,0.0098958
0,0.010191
0,0.010043
0,0.010265
0,0.010314
0,0.010462
0,0.010117
0,0.010068
0,0.010314
0,0.010511
0,0.012407
0,0.01093
0,0.010413
0,0.010265
0,0.010117
0,0.0076557
0,0.006351
0,0.0096742
0,0.0096742
0,0.0098219
0,0.012554
0,0.011447
0,0.011151
0,0.011373
0,0.011004
0,0.011004
0,0.011988
0,0.011447
0,0.011693
0,0.012382
0,0.013687
0,0.013687
0,0.013145
0,0.012579
0,0.01152
0,0.011594
0,0.011496
0,0.011373
0,0.011791
0,0.01381
0,0.012185
0,0.011176
0,0.010708
0,0.010733
0,0.01093
0,0.010979
0,0.010954
0,0.011373
0,0.012136
0,0.012185
0,0.012924
0,0.013367
0,0.013711
0,0.014056
0,0.01381
0,0.013416
0,0.013859
0,0.012924
0,0.012899
0,0.013022
0,0.012751
0,0.011447
0,0.012579
0,0.012899
0,0.013022
0,0.011127
0,0.012259
0,0.012751
0,0.012825
0,0.012776
0,0.013367
0,0.013711
0,0.014499
0,0.015336
0,0.014474
0,0.014302
0,0.014991
0,0.015656
0,0.016468
0,0.015754
0,0.018536
0,0.017798
0,0.017699
0,0.017108
0,0.016567
0,0.016493
0,0.019053
0,0.019792
0,0.019668
0,0.013441
0,0.017896
0,0.018068
0,0.018536
0,0.01925
0,0.019767
0,0.019521
0,0.019078
0,0.019472
0,0.020259
0,0.020407
0,0.020752
0,0.019373
0,0.018413
0,0.017601
0,0.017305
0,0.017133
0,0.017699
0,0.018265
0,0.019053
0,0.019792
0,0.020112
0,0.020161
0,0.020112
0,0.02053
0,0.020062
0,0.020136
0,0.020752
0,0.020702
0,0.020161
0,0.020136
0,0.019767
0,0.019348
0,0.018807
0,0.018241
0,0.017675
0,0.017108
0,0.016567
0,0.016124
0,0.015336
0,0.014745
0,0.014105
0,0.013416
0,0.013047
0,0.012407
0,0.011939
0,0.01157
0,0.011053
0,0.01061
0,0.010117
0,0.0099943
0,0.0098219
0,0.0092804
0,0.008985
0,0.0087388
0,0.0084927
0,0.0083696
0,0.0080003
0,0.0078034
0,0.0076557
0,0.0074588
0,0.0073111
0,0.0070157
0,0.0069172
0,0.0068434
0,0.0067941
0,0.0066957
0,0.0066464
0,0.0065972
0,0.0061787
0,0.0060556
0,0.0059326
0,0.0058341
0,0.0057356
0,0.0055387
0,0.0054648
0,0.0053418
0,0.0053418
0,0.0052679
0,0.0052187
0,0.0051694
0,0.0049725
0,0.0048494
0,0.0042094
0,0.0029047
0,0.0028801
0,0.0033724
0,0.0029294
0,0.0034463
0,0.002437
0,0.0029294
0,0.0028309
0,0.003274
0,0.0031755
0,0.0033724
0,0.0016247
0,0.0024863
0,0.003594
0,0.0036432
0,0.0036925
0,0.0036678
0,0.0021662
0,0.0022893
0,0.0024616
0,0.002634
0,0.003594
0,0.0035448
0,0.0035448
0,0.0032986
0,0.0026832
0,0.0034955
0,0.0035448
0,0.0027078
0,0.0025355
0,0.0021416
0,0.003077
0,0.0020185
1,0.0019939
1,0.0016985
1,0.0018462
1,0.0032247
1,0.0066957
1,0.0080003
1,0.01056
1,0.01216
1,0.01349
1,0.011545
1,0.011397
1,0.011176
1,0.010413
1,0.010413
1,0.010364
1,0.010413
1,0.010634
1,0.010807
1,0.012037
1,0.01189
1,0.012308
1,0.011939
1,0.012948
1,0.013933
1,0.013391
1,0.01184
1,0.01093
1,0.010807
1,0.010954
1,0.01061
1,0.012037
1,0.016001
1,0.015459
1,0.013145
1,0.01125
1,0.010807
1,0.011717
1,0.01157
1,0.010782
1,0.01184
1,0.012727
1,0.01285
1,0.013121
1,0.012284
1,0.010979
1,0.012628
1,0.0098219
1,0.010388
1,0.012604
1,0.013761
1,0.013785
1,0.013637
1,0.012702
1,0.011816
1,0.012087
1,0.011496
1,0.011964
1,0.012481
1,0.011742
1,0.011742
1,0.010388
1,0.012431
1,0.013268
1,0.012554
1,0.012874
1,0.012677
1,0.011471
1,0.011274
1,0.013071
1,0.012308
1,0.012087
1,0.011939
1,0.012234
1,0.013416
1,0.011988
1,0.010019
1,0.01088
1,0.010585
1,0.010807
1,0.011077
1,0.01152
1,0.012062
1,0.012481
1,0.012924
1,0.012899
1,0.013047
1,0.013293
1,0.014031
1,0.014745
1,0.015385
1,0.015311
1,0.015262
1,0.015631
1,0.016395
1,0.016985
1,0.017502
1,0.017871
1,0.018881
1,0.018561
1,0.018955
1,0.018684
1,0.018659
1,0.018167
1,0.017305
1,0.016198
1,0.015828
1,0.015508
1,0.013761
1,0.014671
1,0.013662
1,0.013317
1,0.01253
1,0.011865
1,0.01184
1,0.012111
1,0.01216
1,0.011594
1,0.011274
1,0.0091573
1,0.0099204
1,0.010807
1,0.010659
1,0.010167
1,0.0097481
1,0.0096742
1,0.0095512
1,0.0096742
1,0.0095758
1,0.0088619
1,0.0088373
1,0.0086896
1,0.0077295
1,0.0080003
1,0.008148
1,0.0080249
1,0.0051694
1,0.0056618
1,0.0073111
1,0.0069664
1,0.0056618
1,0.0069664
1,0.006671
1,0.006548
1,0.0065972
1,0.0066464
1,0.0065972
1,0.0065726
1,0.0061295
1,0.0061541
1,0.0060556
1,0.0058833
1,0.0055387
1,0.0039632
1,0.0052925
1,0.0050464
1,0.0044802
1,0.0040863
1,0.0049725
1,0.0046771
1,0.0051448
1,0.0050956
1,0.0025847
1,0.0025109
1,0.0044556
1,0.0038648
1,0.0040863
1,0.0035201
1,0.0044802
1,0.0041109
1,0.0045048
1,0.004554
1,0.0043079
1,0.0032986
1,0.0033971
1,0.003914
1,0.0039879
1,0.0039386
1,0.0041109
1,0.0041848
1,0.0041848
1,0.0041109
1,0.0041602
1,0.0041109
1,0.0022401
1,0.0038155
1,0.0038155
1,0.0038648
1,0.0038155
1,0.0035448
1,0.0033232
1,0.0038155
1,0.0031755
1,0.0035694
1,0.0037417
1,0.0027817
1,0.0020678
1,0.0029294
1,0.0024863
1,0.0030278
1,0.003594
1,0.0026832
1,0.003077
1,0.0024863
1,0.0036186
1,0.0036432
1,0.0036432
1,0.0036432
1,0.0035201
1,0.0035448
1,0.0035694
1,0.0036432
1,0.003594
1,0.0035694
1,0.0035201
1,0.0031263
1,0.0026586
1,0.0021662
1,0.0016739
1,0.0031263
1,0.0033971
1,0.0032494
1,0.003077
1,0.0034955
1,0.0034955
1,0.0034955
1,0.0034709
1,0.0034709
1,0.0034709
1,0.0034709
1,0.0034955
1,0.0033971
1,0.0033724
1,0.0025109
1,0.0034463
1,0.0034463
1,0.0034955
1,0.0034955
1,0.0034955
1,0.0034955
1,0.0034709
1,0.0034709
1,0.0034955
1,0.0034955
1,0.0034955
1,0.0034955
1,0.0034955
1,0.0034955
1,0.0034709
1,0.0034709
1,0.0034955
1,0.0036432
1,0.0049233
1,0.0055879
1,0.0060802
1,0.0068187
1,0.0079019
1,0.0091573
1,0.01061
1,0.012185
1,0.013761
1,0.011545
1,0.012677
1,0.012062
1,0.012702
1,0.012111
1,0.011299
1,0.011767
1,0.011717
1,0.01253
1,0.012357
1,0.012013
1,0.011693
1,0.011619
1,0.011791
1,0.01157
1,0.011644
1,0.011988
1,0.011693
1,0.012382
1,0.012579
1,0.011939
1,0.01184
1,0.01189
1,0.011939
1,0.011496
1,0.01189
1,0.012234
1,0.01221
1,0.012382
1,0.013047
1,0.012899
1,0.013047
1,0.013268
1,0.013957
1,0.014696
1,0.014893
1,0.015139
1,0.015582
1,0.016247
1,0.016911
1,0.017502
1,0.018044
1,0.018019
1,0.017995
1,0.018462
1,0.01701
1,0.017207
1,0.016616
1,0.016493
1,0.016788
1,0.017305
1,0.017305
1,0.01765
1,0.017822
1,0.01765
1,0.017822
1,0.017305
1,0.016862
1,0.01701
1,0.016911
1,0.016271
1,0.015828
1,0.015459
1,0.015459
1,0.015582
1,0.015804
1,0.015336
1,0.015902
1,0.015681
1,0.016001
1,0.016321
1,0.016542
1,0.016542
1,0.016641
1,0.01669
1,0.016665
1,0.016591
1,0.016395
1,0.015976
1,0.015656
1,0.015484
1,0.015262
1,0.014721
1,0.014007
1,0.014056
1,0.013859
1,0.013637
1,0.013613
1,0.013687
1,0.01349
1,0.01349
1,0.012948
1,0.012677
1,0.012431
1,0.011767
1,0.0112
1,0.011348
1,0.0082957
1,0.010265
1,0.009625
1,0.0086404
1,0.0091819
1,0.0088619
1,0.008345
1,0.0091327
1,0.0078772
1,0.0087388
1,0.0085911
1,0.0082957
1,0.008148
1,0.0080003
1,0.0078526
1,0.0076557
1,0.0062772
1,0.0067449
1,0.0060556
1,0.0061787
1,0.0056372
1,0.0045048
1,0.0052679
1,0.005711
1,0.0059326
1,0.0059818
1,0.0058833
1,0.0059572
1,0.0042833
1,0.0041602
1,0.0041602
1,0.0040617
1,0.0040125
1,0.0043817
1,0.0046525
1,0.0044556
1,0.0043817
1,0.0035694
1,0.0036432
1,0.0034709
1,0.0033971
1,0.0043571
1,0.0036432
1,0.0040125
1,0.0040371
1,0.0037171
1,0.0039632
1,0.0035694
1,0.0026832
1,0.002634
1,0.0026093
1,0.002634
1,0.0024863
1,0.0032001
1,0.0041602
1,0.0041848
1,0.0041848
1,0.0041602
1,0.0030278
1,0.0040617
1,0.0039879
1,0.0041109
1,0.0038402
1,0.0026832
1,0.0037171
1,0.0037663
1,0.003274
1,0.0036925
1,0.0036925
1,0.0036925
1,0.0036925
1,0.0036432
1,0.003594
1,0.0035201
1,0.0033724
1,0.0018216
1,0.0025601
1,0.0030524
1,0.003594
1,0.0028063
1,0.0033232
1,0.002634
1,0.0022647
1,0.0031263
1,0.0035694
1,0.003594
1,0.003594
1,0.003594
1,0.003594
1,0.0035694
1,0.0035448
1,0.0035448
1,0.0035448
1,0.0035448
1,0.0035448
1,0.0035448
1,0.0035448
1,0.0035201
1,0.0035201
1,0.0035201
1,0.0034955
1,0.0034955
1,0.0033232
1,0.0029047
1,0.0027324
1,0.0022401
1,0.0023632
1,0.0025355
1,0.0022155
1,0.0024124
1,0.0024616
1,0.0024616
1,0.0025847
1,0.0024616
1,0.0023139
1,0.0024616
1,0.0023878
1,0.0023632
1,0.0025847
1,0.0025355
1,0.0023632
1,0.0022647
1,0.0022893
1,0.0024124
1,0.0025355
1,0.0023878
1,0.0020924
1,0.001477
1,0.0014278
1,0.0013539
1,0.0013785
1,0.0014031
1,0.0014031
1,0.0013785
1,0.0013785
1,0.0018216
1,0.0021416
1,0.0017231
1,0.0023139
1,0.0020678
1,0.0010585
1,0.0021662
1,0.00096004
1,0.0016739
1,0.0018462
1,0.00083696
1,0.0020678
1,0.003077
1,0.0071388
1,0.0098712
1,0.0085665
1,0.0095265
1,0.011447
1,0.0097235
1,0.010807
1,0.010856
1,0.010782
1,0.011299
1,0.01125
1,0.011644
1,0.012727
1,0.012456
1,0.012407
1,0.01317
1,0.011914
1,0.012727
1,0.013022
1,0.013219
1,0.013071
1,0.011053
1,0.012382
1,0.012087
1,0.01184
1,0.010265
1,0.0097235
1,0.012751
1,0.011865
1,0.013244
1,0.013194
1,0.014745
1,0.015385
1,0.015262
1,0.014351
1,0.01445
1,0.014991
1,0.015434
1,0.014573
1,0.014918
1,0.015311
1,0.014918
1,0.015188
1,0.015878
1,0.016124
1,0.014179
1,0.014056
1,0.012924
1,0.01216
1,0.011619
1,0.011545
1,0.01125
1,0.0093788
1,0.0081973
1,0.0094527
1,0.010979
1,0.012505
1,0.013662
1,0.014647
1,0.01509
1,0.015287
1,0.015164
1,0.015287
1,0.016099
1,0.016715
1,0.017699
1,0.018438
1,0.018955
1,0.019299
1,0.01989
1,0.020309
1,0.020407
1,0.020604
1,0.021047
1,0.021441
1,0.02149
1,0.022204
1,0.021859
1,0.021662
1,0.021465
1,0.020949
1,0.020333
1,0.019718
1,0.01925
1,0.018684
1,0.018192
1,0.017675
1,0.016985
1,0.01637
1,0.015779
1,0.015188
1,0.014671
1,0.014154
1,0.013711
1,0.013268
1,0.012997
1,0.012505
1,0.012136
1,0.011693
1,0.011717
1,0.01152
1,0.011176
1,0.010659
1,0.01029
1,0.010019
1,0.0098712
1,0.0094773
1,0.0093788
1,0.0092065
1,0.009305
1,0.0090588
1,0.0090834
1,0.0088127
1,0.0086896
1,0.0085419
1,0.008468
1,0.0083696
1,0.0080988
1,0.0079265
1,0.0078034
1,0.0076557
1,0.007508
1,0.0074095
1,0.0072126
1,0.0070157
1,0.0069664
1,0.0068926
1,0.0068434
1,0.0067941
1,0.0067449
1,0.0066957
1,0.0066464
1,0.0066218
1,0.0065972
1,0.0062279
1,0.0061295
1,0.0061049
1,0.0060556
1,0.0059326
1,0.0058587
1,0.0058341
1,0.0057849
1,0.0057356
1,0.0056372
1,0.0056372
1,0.0055879
1,0.0055387
1,0.0054402
1,0.0054402
1,0.005391
1,0.0053171
1,0.0052925
1,0.0052925
1,0.0052433
1,0.0052187
1,0.0052187
1,0.0051694
1,0.0051694
1,0.0051202
1,0.0049971
1,0.0049725
1,0.0048987
1,0.0048987
1,0.004874
1,0.0048002
1,0.0048002
1,0.0047756
1,0.0047017
1,0.0047017
1,0.0046525
1,0.0046033
1,0.0046033
1,0.0045786
1,0.004554
1,0.004554
1,0.0045048
1,0.0045048
1,0.0044802
1,0.0044556
1,0.004431
1,0.004431
1,0.004431
1,0.0043571
1,0.0043079
1,0.0043079
1,0.0043079
1,0.0042094
1,0.0042094
1,0.0042094
1,0.0042094
1,0.0041848
1,0.0041602
1,0.0041602
1,0.0041602
1,0.0041109
1,0.0040863
1,0.0040617
1,0.0040617
1,0.0040617
1,0.0040617
1,0.0039632
1,0.0040125
1,0.0040617
1,0.0039632
1,0.0039632
1,0.0039632
1,0.003914
1,0.003914
1,0.003914
1,0.003914
1,0.003914
1,0.003914
1,0.003914
1,0.0038894
1,0.0038402
1,0.0038894
1,0.0038402
1,0.0038402
1,0.0038155
1,0.0038155
1,0.0038155
1,0.0038155
1,0.0037663
0,0.0037663
0,0.0037663
0,0.0037663
0,0.0037417
0,0.0037417
0,0.0037663
0,0.0056372
0,0.010265
0,0.013121
0,0.01285
0,0.011151
0,0.010807
0,0.010511
0,0.01125
0,0.011742
0,0.011939
0,0.01152
0,0.010954
0,0.010807
0,0.010954
0,0.0112
0,0.0112
0,0.010757
0,0.011324
0,0.011644
0,0.011594
0,0.010659
0,0.0112
0,0.0098712
0,0.0094527
0,0.0094773
0,0.0097481
0,0.0095758
0,0.0091819
0,0.0091327
0,0.0086896
0,0.0083942
0,0.0087634
0,0.0086157
0,0.0087634
0,0.007828
0,0.0073849
0,0.0070649
0,0.0068187
0,0.0061787
0,0.0064741
0,0.0067449
0,0.0068926
0,0.006868
0,0.0066218
0,0.0072865
0,0.0072126
0,0.0068926
0,0.0071634
0,0.0071388
0,0.0072372
0,0.0071141
0,0.0071141
0,0.0071388
0,0.007508
0,0.0074341
0,0.0066218
0,0.0064987
0,0.0067695
0,0.0064987
0,0.0067203
0,0.006351
0,0.0079019
0,0.0070157
0,0.0070649
0,0.0087142
0,0.0064741
0,0.0089111
0,0.0061049
0,0.0070649
0,0.0085419
0,0.0069911
0,0.0089604
0,0.0070157
0,0.008985
0,0.0089604
0,0.0064003
0,0.0090834
0,0.0077295
0,0.0083696
0,0.0093542
0,0.0076065
0,0.010167
0,0.007508
0,0.014844
0,0.0073111
0,0.0087634
0,0.014696
0,0.0078034
0,0.012037
0,0.0091081
0,0.010437
0,0.01477
0,0.014942
0,0.006868
0,0.014918
0,0.0073357
0,0.014647
0,0.009625
0,0.014081
0,0.0082219
0,0.014671
0,0.010733
0,0.015287
0,0.008985
0,0.016296
0,0.0063018
0,0.0084188
0,0.011348
0,0.012087
0,0.01349
0,0.013391
0,0.012801
0,0.013268
0,0.014179
0,0.016124
0,0.020702
0,0.021096
0,0.02149
0,0.021712
0,0.021736
0,0.021096
0,0.020555
0,0.020555
0,0.019693
0,0.018438
0,0.018093
0,0.018265
0,0.018364
0,0.018438
0,0.018093
0,0.018044
0,0.01797
0,0.017945
0,0.018167
0,0.018167
0,0.017355
0,0.017305
0,0.017108
0,0.016518
0,0.016395
0,0.016813
0,0.017133
0,0.016813
0,0.017355
0,0.017207
0,0.017355
0,0.017256
0,0.017256
0,0.01765
0,0.018044
0,0.017847
0,0.018142
0,0.017945
0,0.018167
0,0.018241
0,0.018512
0,0.017896
0,0.018192
0,0.018068
0,0.01797
0,0.018339
0,0.018315
0,0.018635
0,0.018339
0,0.018881
0,0.018487
0,0.018118
0,0.018388
0,0.018093
0,0.017871
0,0.017798
0,0.017896
0,0.017995
0,0.017355
0,0.017256
0,0.017478
0,0.017773
0,0.017502
0,0.017305
0,0.017478
0,0.018438
0,0.017207
0,0.017108
0,0.017207
0,0.017699
0,0.017453
0,0.016862
0,0.016911
0,0.016764
0,0.016173
0,0.016616
0,0.016788
0,0.017305
0,0.017945
0,0.018635
0,0.019078
0,0.019422
0,0.019521
0,0.019472
0,0.019668
0,0.020259
0,0.020038
0,0.019521
0,0.019718
0,0.020235
0,0.02021
0,0.020382
0,0.020653
0,0.021638
0,0.020259
0,0.020161
0,0.018684
0,0.018438
0,0.018635
0,0.01861
0,0.019152
0,0.01893
0,0.018438
0,0.018635
0,0.018684
0,0.018438
0,0.018388
0,0.018339
0,0.018807
0,0.015779
0,0.01701
0,0.017035
0,0.017108
0,0.016616
0,0.016641
0,0.016715
0,0.017207
0,0.016518
0,0.016321
0,0.016025
0,0.016075
0,0.016715
0,0.016025
0,0.015927
0,0.016222
0,0.015459
0,0.016271
0,0.015853
0,0.015558
0,0.015188
0,0.016321
0,0.015164
0,0.015139
0,0.014794
0,0.015114
0,0.015508
0,0.015385
0,0.014745
0,0.014401
0,0.015016
0,0.013982
0,0.013613
0,0.013564
0,0.01381
0,0.013908
0,0.013982
0,0.013662
0,0.013613
0,0.013564
0,0.013465
0,0.013662
0,0.01413
0,0.013761
0,0.014228
0,0.014105
0,0.01413
0,0.014179
0,0.014351
0,0.014302
0,0.013662
0,0.013539
0,0.01349
0,0.013416
0,0.013613
0,0.013441
0,0.013416
0,0.013539
0,0.013711
0,0.01445
0,0.013711
0,0.014154
0,0.014204
0,0.01445
0,0.014918
0,0.015041
0,0.015139
0,0.015287
0,0.015385
0,0.01477
0,0.014499
0,0.014548
0,0.014278
0,0.014499
0,0.01445
0,0.01413
0,0.014253
0,0.012874
0,0.014598
0,0.014598
0,0.015041
0,0.015434
0,0.01637
0,0.016025
0,0.015631
0,0.015754
0,0.016173
0,0.016222
0,0.014967
0,0.014745
0,0.013317
0,0.013367
0,0.013121
0,0.012234
0,0.011594
0,0.011422
0,0.011939
0,0.012062
0,0.01189
0,0.012284
0,0.013096
0,0.012727
0,0.012825
0,0.012037
0,0.011939
0,0.011816
0,0.011693
0,0.011594
0,0.011964
0,0.01184
0,0.01189
0,0.011742
0,0.011619
0,0.012013
0,0.011594
0,0.011348
0,0.010019
0,0.01189
0,0.012284
0,0.013071
0,0.01317
0,0.013761
0,0.014794
0,0.015041
0,0.015065
0,0.014401
0,0.013908
0,0.013957
0,0.014721
0,0.013736
0,0.014745
0,0.013859
0,0.013465
0,0.013761
0,0.013465
0,0.013908
0,0.012677
0,0.013514
0,0.01317
0,0.013564
0,0.013736
0,0.013761
0,0.014647
0,0.014179
0,0.01541
0,0.015484
0,0.016444
0,0.01605
0,0.015262
0,0.016518
0,0.016764
0,0.017675
0,0.017133
0,0.017502
0,0.017773
0,0.017822
0,0.017798
0,0.017207
0,0.016936
0,0.01669
0,0.016715
0,0.016198
0,0.015681
0,0.014819
0,0.014794
0,0.014327
0,0.014056
0,0.013613
0,0.013317
0,0.012924
0,0.012185
0,0.012505
0,0.012185
0,0.011397
0,0.011693
0,0.011004
0,0.011324
0,0.011004
0,0.010807
0,0.010634
0,0.01056
0,0.010167
0,0.010043
0,0.0098958
0,0.0096742
0,0.0091327
0,0.0093296
0,0.0092065
0,0.0091327
0,0.0084434
0,0.0087388
0,0.0086404
0,0.0084927
0,0.0084188
0,0.0079019
0,0.0081973
0,0.0078034
0,0.0081234
0,0.0075818
0,0.0074095
0,0.0077542
0,0.0076557
0,0.0072618
0,0.007508
0,0.0072126
0,0.0074588
0,0.0073111
0,0.0068187
0,0.007188
0,0.0070649
0,0.0067203
0,0.0070403
0,0.0067203
0,0.0069172
0,0.0068434
0,0.0065233
0,0.0064987
0,0.0067941
0,0.0065233
0,0.0065233
0,0.0062279
0,0.0063264
0,0.0062279
0,0.0063264
0,0.0062772
0,0.0062279
0,0.0060802
0,0.006031
0,0.006031
0,0.0061049
0,0.0058341
0,0.006031
0,0.0059818
0,0.0057356
0,0.0057849
0,0.0057849
0,0.0055633
0,0.0056864
0,0.005711
0,0.0055879
0,0.0056372
0,0.0054648
0,0.0055387
0,0.0055387
0,0.0054156
0,0.0054402
0,0.0052925
0,0.0053418
0,0.0052925
0,0.0053418
0,0.0052925
0,0.0053171
0,0.0052925
0,0.0052925
0,0.0052925
0,0.0052925
0,0.0052925
0,0.0052925
0,0.0052925
0,0.0052187
0,0.0052679
0,0.0052679
0,0.0049233
0,0.0052187
0,0.0051694
0,0.0052187
0,0.0051694
0,0.0048494
0,0.0047017
0,0.0047017
0,0.0047756
0,0.0045048
0,0.0047263
0,0.0045786
0,0.0046771
0,0.004751
0,0.004751
0,0.004554
0,0.0046525
0,0.004751
0,0.0049233
0,0.0043817
0,0.0046033
0,0.0043817
0,0.0044556
0,0.0043325
0,0.0045294
0,0.0043079
0,0.0043571
0,0.0043571
0,0.0043817
0,0.004431
0,0.0043817
0,0.0044063
0,0.0043571
0,0.0044802
0,0.0052679
0,0.0072126
0,0.0072126
0,0.0071388
0,0.0070649
0,0.0069911
0,0.0069911
0,0.0069172
0,0.0068187
0,0.0068187
0,0.0068187
0,0.0067695
0,0.0067203
0,0.006671
0,0.006671
0,0.006671
0,0.0065726
0,0.0066464
0,0.0065972
0,0.0065726
0,0.0065726
0,0.0065726
0,0.0065233
0,0.0064987
0,0.0065972
0,0.0065972
0,0.006548
0,0.006548
0,0.0065726
0,0.0064249
0,0.0064249
0,0.0064249
0,0.0064495
0,0.0064741
0,0.0064741
0,0.0064249
0,0.0064249
0,0.0063756
0,0.0063756
0,0.0063756
0,0.0064495
0,0.0064495
0,0.0064495
0,0.0064249
0,0.0063756
0,0.006351
0,0.0063264
0,0.0063756
0,0.0063264
0,0.006351
0,0.0063264
0,0.0063264
0,0.0062279
0,0.0062772
0,0.0062279
0,0.0062526
0,0.0062279
0,0.0062279
0,0.0061787
0,0.0062279
0,0.0061787
0,0.0062033
0,0.0061295
0,0.0062033
0,0.0061295
0,0.0060802
0,0.006031
0,0.006031
0,0.0059818
0,0.0059818
0,0.0060064
0,0.0059818
0,0.0059818
0,0.0059572
0,0.0058833
0,0.0059326
0,0.0059079
0,0.0059079
0,0.0059326
0,0.0058833
0,0.0059818
0,0.0058833
0,0.0058833
0,0.0058341
0,0.0058833
0,0.0059079
0,0.0058341
0,0.0058341
0,0.0058833
0,0.0058341
0,0.0058587
0,0.0058587
0,0.0058341
0,0.0058341
0,0.0058341
0,0.0058341
0,0.0057849
0,0.0057849
0,0.0057356
0,0.0058341
0,0.0058341
0,0.0057849
0,0.0057356
0,0.0057356
0,0.0057356
0,0.0058341
0,0.0057356
0,0.0058341
0,0.0056864
0,0.0057849
0,0.0057356
0,0.0057602
0,0.0057356
0,0.0057356
0,0.0057356
0,0.0056864
0,0.0056372
0,0.0056864
0,0.0056864
0,0.0056864
0,0.0056864
0,0.0056864
0,0.0056864
0,0.0056864
0,0.0056864
0,0.0056864
0,0.0056372
0,0.0056864
0,0.0056864
0,0.0056372
0,0.0055879
0,0.0056618
0,0.0056618
0,0.0056618
0,0.0055879
0,0.0056864
0,0.0056864
0,0.0056618
0,0.0056864
0,0.0056618
0,0.0055879
0,0.0056618
0,0.0055633
0,0.0056372
0,0.0056372
0,0.0055633
0,0.0056864
0,0.0056372
0,0.0056618
0,0.0057356
0,0.0057602
0,0.0056864
0,0.005711
0,0.0056864
0,0.0056864
0,0.0056864
0,0.0056864
0,0.0056864
0,0.0056372
0,0.0056864
0,0.0056372
0,0.0056864
0,0.0058587
0,0.0058833
0,0.0058341
0,0.0059326
0,0.0059326
0,0.0059079
0,0.0058833
0,0.0058833
0,0.0059326
0,0.0058833
0,0.0059079
0,0.006031
0,0.0059818
0,0.0059326
0,0.0059572
0,0.0058833
0,0.0058833
0,0.0058833
0,0.0058833
0,0.0058095
0,0.0057602
0,0.0058341
0,0.0058833
0,0.0058341
0,0.0058095
0,0.0058095
0,0.0057356
0,0.0057849
0,0.0058095
0,0.0057849
0,0.0057356
0,0.0057602
0,0.0057356
0,0.0057602
0,0.0057602
0,0.0057356
0,0.0057602
0,0.0057602
0,0.0057849
0,0.005711
0,0.0057602
0,0.0057602
0,0.0057849
0,0.0057356
0,0.0057356
0,0.0057356
0,0.006031
0,0.006031
0,0.0059818
0,0.0059572
0,0.0059572
0,0.0059572
0,0.0059572
0,0.0059572
0,0.0059572
0,0.0059572
0,0.0059572
0,0.0059326
0,0.0059572
0,0.0059572
0,0.0059326
0,0.0059326
0,0.0059326
0,0.0059326
0,0.0059572
0,0.0059326
0,0.0059326
0,0.0059326
0,0.0059326
0,0.0059326
0,0.0059572
0,0.0059326
0,0.0059572
0,0.0059079
0,0.0059079
0,0.0059079
0,0.0058833
0,0.0059079
0,0.0059079
0,0.0059079
0,0.0059079
0,0.0058833
0,0.0058833
0,0.0059079
0,0.0059079
0,0.0059079
0,0.0058833
0,0.0058833
0,0.0058833
0,0.0058587
0,0.0059079
0,0.0058587
0,0.0058341
0,0.0058587
0,0.0058587
0,0.0058341
0,0.0058341
0,0.0058341
0,0.0058833
0,0.0058095
0,0.0058833
0,0.0058833
0,0.0058833
0,0.0058341
0,0.0058095
0,0.0058341
0,0.0058341
0,0.0058341
0,0.0057849
0,0.0058095
0,0.0057849
0,0.0058095
0,0.0058095
0,0.0057602
0,0.0058341
0,0.0057356
0,0.0057849
0,0.0058095
0,0.0057602
0,0.0057356
0,0.0057849
0,0.0057602
0,0.0057356
0,0.0057356
0,0.0058095
0,0.0057602
0,0.0057849
0,0.0057356
0,0.0057356
0,0.0057356
0,0.0057356
0,0.0057602
0,0.0057602
0,0.005711
0,0.0057356
0,0.005711
0,0.0057356
0,0.0057356
0,0.0057356
0,0.005711
0,0.005711
0,0.005711
0,0.0057356
0,0.0056864
0,0.0057356
0,0.005711
0,0.0055387
0,0.0056125
0,0.0049479
0,0.0048987
0,0.0048002
0,0.0048002
0,0.0047756
0,0.0048002
0,0.0047756
0,0.0047756
0,0.0047756
0,0.004751
0,0.0047756
0,0.004751
0,0.004751
0,0.0048002
0,0.0048002
0,0.0048002
0,0.0048002
0,0.0048002
0,0.004751
0,0.0048248
0,0.0048248
0,0.0048494
0,0.0051448
0,0.0053664
0,0.005391
0,0.0053418
0,0.005391
0,0.005391
0,0.0053418
0,0.0053418
0,0.0053664
0,0.0052679
0,0.0054402
0,0.0055387
0,0.0055387
0,0.0054895
0,0.0054895
0,0.0055387
0,0.0055387
0,0.0054895
0,0.0054402
0,0.0054895
0,0.005391
0,0.0053171
0,0.0052925
0,0.0052925
0,0.0052187
0,0.0052187
0,0.0052187
0,0.0052187
0,0.0051941
0,0.0051694
0,0.0051694
0,0.0051694
0,0.0051694
0,0.0051448
0,0.0051202
0,0.0051202
0,0.0051202
0,0.0049971
0,0.0049971
0,0.0049971
0,0.0049971
0,0.0049725
0,0.0049233
0,0.0049233
0,0.0048987
0,0.0048987
0,0.0049233
0,0.0049233
0,0.0049971
0,0.0052187
0,0.005711
0,0.0074341
0,0.0079019
0,0.0087881
0,0.0095265
0,0.011545
0,0.012579
0,0.013957
0,0.013761
0,0.01381
0,0.012973
0,0.012579
0,0.013022
0,0.014031
0,0.013662
0,0.014302
0,0.013367
0,0.01349
0,0.013957
0,0.014228
0,0.014622
0,0.014991
0,0.014302
0,0.014425
0,0.015188
0,0.014868
0,0.014056
0,0.014598
0,0.014967
0,0.01573
0,0.015927
0,0.014819
0,0.014622
0,0.014893
0,0.015681
0,0.014942
0,0.015705
0,0.015533
0,0.014942
0,0.015533
0,0.014844
0,0.015213
0,0.015656
0,0.016148
0,0.01701
0,0.01189
0,0.012185
0,0.01189
0,0.011077
0,0.010733
0,0.010216
0,0.0082219
0,0.0090096
0,0.0037417
0,0.0035201
0,0.0023878
0,0.016321
0,0.018782
0,0.018339
0,0.020136
0,0.020112
0,0.021416
0,0.019865
0,0.020702
0,0.018832
0,0.018192
0,0.016099
0,0.016222
0,0.016001
0,0.014918
0,0.017207
0,0.020161
0,0.020678
0,0.020456
0,0.02021
0,0.019324
0,0.020456
0,0.021884
0,0.02021
0,0.022573
0,0.022622
0,0.020013
0,0.019939
0,0.017256
0,0.014745
0,0.014942
0,0.014401
0,0.016124
0,0.014179
0,0.018462
0,0.016813
0,0.016419
0,0.016124
0,0.016099
0,0.015828
0,0.016099
0,0.016148
0,0.016198
0,0.016641
0,0.017059
0,0.016764
0,0.017133
0,0.017551
0,0.013613
0,0.01349
0,0.013514
0,0.013588
0,0.014253
0,0.012973
0,0.012333
0,0.01216
0,0.012948
0,0.013047
0,0.012751
0,0.012579
0,0.012554
0,0.012751
0,0.012776
0,0.01285
0,0.012825
0,0.012899
0,0.013096
0,0.013514
0,0.013564
0,0.013834
0,0.014179
0,0.014056
0,0.013613
0,0.013957
0,0.014204
0,0.014499
0,0.014327
0,0.014622
0,0.014351
0,0.014302
0,0.014401
0,0.014499
0,0.014794
0,0.015139
0,0.014991
0,0.014745
0,0.015016
0,0.015262
0,0.014647
0,0.014868
0,0.015311
0,0.014844
0,0.014942
0,0.015238
0,0.014967
0,0.014991
0,0.01509
0,0.015361
0,0.015139
0,0.01541
0,0.015533
0,0.015631
0,0.015878
0,0.016247
0,0.015681
0,0.015878
0,0.016247
0,0.016025
0,0.016321
0,0.016518
0,0.016345
0,0.016493
0,0.016813
0,0.016764
0,0.017059
0,0.017158
0,0.017158
0,0.017305
0,0.017404
0,0.017453
0,0.017699
0,0.017896
0,0.017921
0,0.017945
0,0.017871
0,0.017871
0,0.017896
0,0.017995
0,0.017995
0,0.017995
0,0.018118
0,0.017675
0,0.017576
0,0.017773
0,0.017773
0,0.017748
0,0.017355
0,0.017108
0,0.016468
0,0.021687
0,0.021195
0,0.020949
0,0.021638
0,0.020481
0,0.013613
0,0.011102
0,0.0090342
0,0.0085665
0,0.0082711
0,0.0080003
0,0.0079265
0,0.0078034
0,0.0078526
0,0.0076803
0,0.007508
0,0.0074834
0,0.0073111
0,0.0071141
0,0.0069664
0,0.006868
0,0.0068926
0,0.0068187
0,0.0067203
0,0.006671
0,0.0062772
0,0.0061541
0,0.0060064
0,0.0059326
0,0.0058095
0,0.0056864
0,0.0055141
0,0.0054402
0,0.0053171
0,0.0052925
0,0.0052679
0,0.0050464
0,0.0062033
0,0.004751
0,0.004751
0,0.004554
0,0.0044556
0,0.0044063
0,0.0043079
0,0.0043079
0,0.0043079
0,0.0042586
0,0.0041602
0,0.0041602
0,0.0040617
0,0.0040617
0,0.0041109
0,0.0040863
0,0.0040371
0,0.0039879
0,0.0040863
0,0.0040371
0,0.0039879
0,0.0039386
0,0.0039386
0,0.0039386
0,0.0038894
0,0.0038648
0,0.0038402
0,0.0038402
0,0.0038402
0,0.0038402
0,0.0038155
0,0.0037909
0,0.0036186
0,0.0035694
0,0.0035694
0,0.0035448
0,0.0035448
0,0.0034709
0,0.0035201
0,0.0034709
0,0.0035448
0,0.0036186
0,0.0035694
0,0.003594
0,0.0037663
0,0.003914
0,0.0044556
0,0.004751
0,0.0047756
0,0.0049971
0,0.0059572
0,0.0061541
0,0.0059818
0,0.0067695
0,0.0069911
0,0.0069172
0,0.006868
0,0.0067941
0,0.0068434
0,0.0070895
0,0.0070157
0,0.0072618
0,0.0070649
0,0.0072372
0,0.0066218
0,0.0064987
0,0.0064003
0,0.0063756
0,0.0064249
0,0.0066464
0,0.0066464
0,0.0065972
0,0.0066218
0,0.0072126
0,0.0073111
0,0.0073603
0,0.0071634
0,0.0072618
0,0.0081234
0,0.0073849
0,0.007508
0,0.0077049
0,0.0076557
0,0.0079019
0,0.0076557
0,0.0077788
0,0.008148
0,0.0080496
0,0.0080742
0,0.007828
0,0.0083696
0,0.0080496
0,0.0084434
0,0.0084434
0,0.0083696
0,0.0084434
0,0.0086896
0,0.009305
0,0.0090834
0,0.0089111
0,0.009305
0,0.0095758
0,0.0096742
0,0.0093788
0,0.0095758
0,0.0097481
0,0.010068
0,0.011151
0,0.0098712
0,0.010019
0,0.010413
0,0.010979
0,0.011471
0,0.011594
0,0.012013
0,0.012604
0,0.013071
0,0.012481
0,0.012702
0,0.013145
0,0.013613
0,0.014351
0,0.013711
0,0.013859
0,0.014499
0,0.014794
0,0.014376
0,0.014671
0,0.015213
0,0.015927
0,0.015361
0,0.015878
0,0.016591
0,0.016271
0,0.016961
0,0.016715
0,0.016419
0,0.017207
0,0.01701
0,0.017502
0,0.017108
0,0.017207
0,0.017748
0,0.017551
0,0.018241
0,0.018241
0,0.01765
0,0.017995
0,0.017995
0,0.019078
0,0.018758
0,0.019324
0,0.019447
0,0.019718
0,0.019472
0,0.020013
0,0.019915
0,0.022081
0,0.021835
0,0.021982
0,0.022549
0,0.022327
0,0.022327
0,0.023041
0,0.022746
0,0.023139
0,0.023312
0,0.022967
0,0.023681
0,0.023779
0,0.024149
0,0.024641
0,0.023878
0,0.024346
0,0.024296
0,0.024419
0,0.024247
0,0.024395
0,0.024493
0,0.024641
0,0.024936
0,0.024543
0,0.025084
0,0.025133
0,0.025183
0,0.025823
0,0.025109
0,0.024838
0,0.02533
0,0.024936
0,0.025281
0,0.024887
0,0.025158
0,0.024666
0,0.024789
0,0.024592
0,0.024641
0,0.025552
0,0.025035
0,0.024986
0,0.024887
0,0.025281
0,0.025232
0,0.025429
0,0.025429
0,0.0257
0,0.025749
0,0.025675
0,0.025527
0,0.025379
0,0.025453
0,0.025281
0,0.025823
0,0.025724
0,0.025576
0,0.025675
0,0.025626
0,0.025478
0,0.025429
0,0.025724
0,0.025921
0,0.025773
0,0.025823
0,0.026315
0,0.025995
0,0.026241
0,0.025921
0,0.02602
0,0.026118
0,0.025921
0,0.025872
0,0.02597
0,0.025872
0,0.026118
0,0.025995
0,0.02597
0,0.025823
0,0.025872
0,0.025995
0,0.025995
0,0.025823
0,0.025773
0,0.025478
0,0.025478
0,0.025281
0,0.025232
0,0.024838
0,0.024592
0,0.024518
0,0.024493
0,0.02469
0,0.024739
0,0.025183
0,0.025379
0,0.02565
0,0.025724
0,0.025872
0,0.02597
0,0.026266
0,0.035423
0,0.034758
0,0.033798
0,0.033749
0,0.033798
0,0.033848
0,0.033306
0,0.03306
0,0.033651
0,0.034291
0,0.034414
0,0.033848
0,0.033848
0,0.032592
0,0.031804
0,0.031632
0,0.03178
0,0.032863
0,0.033257
0,0.033848
0,0.035226
0,0.034438
0,0.03402
0,0.034389
0,0.035177
0,0.034463
0,0.035226
0,0.034266
0,0.03402
0,0.033798
0,0.033454
0,0.032986
0,0.032567
0,0.032124
0,0.03178
0,0.031681
0,0.031287
0,0.031287
0,0.030894
0,0.030426
0,0.030377
0,0.030032
0,0.02986
0,0.030746
0,0.029663
0,0.025158
0,0.029417
0,0.028161
0,0.02858
0,0.028727
0,0.027693
0,0.027472
0,0.027447
0,0.024543
0,0.019373
0,0.019299
0,0.018832
0,0.018733
0,0.018635
0,0.01861
0,0.018413
0,0.01829
0,0.018241
0,0.018635
0,0.019472
0,0.019472
0,0.019718
0,0.019373
0,0.019521
0,0.019373
0,0.019102
0,0.018905
0,0.019004
0,0.018881
0,0.018585
0,0.018487
0,0.018192
0,0.017108
0,0.016001
0,0.01573
0,0.015681
0,0.015607
0,0.015459
0,0.015114
0,0.014893
0,0.014819
0,0.014794
0,0.014647
0,0.014647
0,0.014745
0,0.014696
0,0.014647
0,0.014499
0,0.014401
0,0.014327
0,0.014278
0,0.014228
0,0.014179
0,0.014179
0,0.013933
0,0.014278
0,0.015139
0,0.015484
0,0.015385
0,0.014696
0,0.014745
0,0.014745
0,0.015016
0,0.014647
0,0.014622
0,0.014598
0,0.014671
0,0.014524
0,0.014351
0,0.014228
0,0.014154
0,0.014278
0,0.014401
0,0.014302
0,0.014154
0,0.013908
0,0.013761
0,0.013637
0,0.01381
0,0.013957
0,0.013564
0,0.013416
0,0.013342
0,0.013342
0,0.013662
0,0.013957
0,0.013514
0,0.013441
0,0.013293
0,0.013268
0,0.013219
0,0.013194
0,0.013317
0,0.013219
0,0.013219
0,0.013071
0,0.013022
0,0.012973
0,0.013071
0,0.012973
0,0.012825
0,0.012801
0,0.012505
0,0.011348
0,0.011127
0,0.010954
0,0.011053
0,0.01125
0,0.011348
0,0.011053
0,0.010905
0,0.010659
0,0.010634
0,0.010757
0,0.010954
0,0.010979
0,0.010659
0,0.01061
0,0.010462
0,0.010314
0,0.010462
0,0.010117
0,0.0097235
0,0.0096496
0,0.0096496
0,0.0096742
0,0.0096496
0,0.0097481
0,0.0093788
0,0.0094281
0,0.0096496
0,0.0095265
0,0.0094773
0,0.0094773
0,0.0098219
0,0.0096496
0,0.0097235
0,0.0093788
0,0.0092311
0,0.0094281
0,0.0093296
0,0.0084927
0,0.008468
0,0.0084188
0,0.0083696
0,0.0083203
0,0.0082711
0,0.0082219
0,0.0081726
0,0.0081726
0,0.0081726
0,0.0081234
0,0.0080496
0,0.0080496
0,0.0078034
0,0.0077542
0,0.0077049
0,0.0077049
0,0.0077049
0,0.0076803
0,0.0074588
0,0.0072618
0,0.0072126
0,0.0071141
0,0.0071634
0,0.0071388
0,0.0070895
0,0.0070649
0,0.0070157
0,0.0070157
0,0.0069172
0,0.0069172
0,0.0069664
0,0.0069664
0,0.0070649
0,0.0071141
0,0.0072126
0,0.0070649
0,0.0071634
0,0.0069664
0,0.0071388
0,0.0070649
0,0.0070895
0,0.0070649
0,0.0070157
0,0.0070157
0,0.0069664
0,0.0070157
0,0.0069911
0,0.0069664
0,0.0069418
0,0.0069418
0,0.0069418
0,0.0069172
0,0.0069172
0,0.0069418
0,0.0069172
0,0.0069664
0,0.0069172
0,0.0068926
0,0.0069172
0,0.0069172
0,0.0071634
0,0.0071388
0,0.0071388
0,0.0069172
0,0.0069172
0,0.0069664
0,0.0069172
0,0.0068187
0,0.0069172
0,0.006868
0,0.0068926
0,0.0071388
0,0.0068926
0,0.0069172
0,0.0069172
0,0.0070895
0,0.0070895
0,0.0071388
0,0.0068187
0,0.0067695
0,0.0070895
0,0.006868
0,0.0068187
0,0.0068187
0,0.0068187
0,0.0068187
0,0.0068187
0,0.0068434
0,0.0070403
0,0.006868
0,0.006868
0,0.0067695
0,0.0070649
0,0.0070403
0,0.0070403
0,0.0068187
0,0.0070157
0,0.0069911
0,0.0069911
0,0.006868
0,0.006868
0,0.006868
0,0.006868
0,0.006868
0,0.006868
0,0.006868
0,0.006868
0,0.006868
0,0.006868
0,0.0068434
0,0.0068187
0,0.0068434
0,0.0068187
0,0.0068187
0,0.0067941
0,0.0067695
0,0.0067449
0,0.0067449
0,0.0067449
0,0.0066957
0,0.0066957
0,0.0066957
0,0.0067203
0,0.0067449
0,0.0067941
0,0.006868
0,0.006868
0,0.0069911
0,0.0069911
0,0.0068187
0,0.0068187
0,0.0067695
0,0.0067449
0,0.0067203
0,0.0066957
0,0.006671
0,0.0066464
0,0.006671
0,0.0066218
0,0.0066218
0,0.0065972
0,0.0065233
0,0.0065233
0,0.0065233
0,0.0064249
0,0.0063756
0,0.0065233
0,0.0065726
0,0.0065233
0,0.0065233
0,0.0064987
0,0.0064741
0,0.0064249
0,0.0064741
0,0.0064741
0,0.0064741
0,0.0064249
0,0.0064249
0,0.0064249
0,0.0064003
0,0.0063756
0,0.0063756
0,0.0064249
0,0.0063264
0,0.0063264
0,0.0063756
0,0.0064249
0,0.0064249
0,0.0064003
0,0.0063756
0,0.0062772
0,0.0062772
0,0.0062772
0,0.0063018
0,0.0063264
0,0.006351
0,0.0063756
0,0.0062772
0,0.0062772
0,0.006351
0,0.0063264
0,0.0063264
0,0.0063756
0,0.0063756
0,0.0064249
0,0.0064987
0,0.0064003
0,0.0062772
0,0.0063264
0,0.006351
0,0.0063264
0,0.0063264
0,0.006351
0,0.006351
0,0.0063264
0,0.0063018
0,0.0062772
0,0.0062772
0,0.0062279
0,0.0062772
0,0.0062772
0,0.0062279
0,0.0062772
0,0.0062772
0,0.0063018
0,0.0062279
0,0.0062279
0,0.0062033
0,0.0062526
0,0.0064495
0,0.0064495
0,0.0064003
0,0.0064003
0,0.0063756
0,0.006351
0,0.006351
0,0.0063264
0,0.0063018
0,0.0063018
0,0.0063018
0,0.0063018
0,0.0063264
0,0.0063018
0,0.0063018
0,0.0062772
0,0.0062526
0,0.0062772
0,0.0062279
0,0.0062772
0,0.0062772
0,0.0062772
0,0.0062772
0,0.0062772
0,0.0062772
0,0.0062526
0,0.0062772
0,0.0062772
0,0.0062772
0,0.009305
0,0.0081234
0,0.0081973
0,0.0080988
0,0.0080496
0,0.0080496
0,0.0081234
0,0.0079511
0,0.0079511
0,0.0079019
0,0.0079265
0,0.0079019
0,0.007828
0,0.0078034
0,0.0077788
0,0.0078034
0,0.0077788
0,0.0077788
0,0.0075572
0,0.0075572
0,0.0075572
0,0.0075572
0,0.007508
0,0.007508
0,0.007508
0,0.007508
0,0.0074588
0,0.0074341
0,0.0074095
0,0.0074341
0,0.0073603
0,0.0073603
0,0.0073357
0,0.0073357
0,0.0073603
0,0.0073111
0,0.0073111
0,0.0072865
0,0.0072618
0,0.0072618
0,0.0072618
0,0.0072126
0,0.0072126
0,0.0072865
0,0.0072126
0,0.0072618
0,0.0072126
0,0.0071634
0,0.0072618
0,0.006868
0,0.0070157
0,0.0070157
0,0.0069418
0,0.0069664
0,0.0069418
0,0.0069418
0,0.0069664
0,0.0069418
0,0.0069664
0,0.0069418
0,0.0070157
0,0.0070157
0,0.0070157
0,0.0070649
0,0.0070157
0,0.0070157
0,0.0070649
0,0.0070649
0,0.0070649
0,0.0070649
0,0.0070649
0,0.0070649
0,0.0070649
0,0.0071141
0,0.0070895
0,0.0071388
0,0.0071388
0,0.0071141
0,0.0071634
0,0.0071141
0,0.0071388
0,0.0071388
0,0.0071634
0,0.0076557
0,0.0095265
0,0.012087
0,0.013317
0,0.011865
0,0.012284
0,0.012333
0,0.013244
0,0.014056
0,0.014942
0,0.016961
0,0.019693
0,0.017108
0,0.015287
0,0.014253
0,0.013564
0,0.012973
0,0.012948
0,0.013317
0,0.011914
0,0.011545
0,0.012973
0,0.012382
0,0.011545
0,0.01157
0,0.01184
0,0.011914
0,0.012037
0,0.011668
0,0.011988
0,0.011668
0,0.011496
0,0.012234
0,0.011988
0,0.012653
0,0.012579
0,0.012579
0,0.011053
0,0.010462
0,0.010191
0,0.013662
0,0.013219
0,0.013687
0,0.013022
0,0.013662
0,0.013293
0,0.013711
0,0.014868
0,0.014425
0,0.01381
0,0.013711
0,0.014228
0,0.014056
0,0.014031
0,0.014105
0,0.014548
0,0.014844
0,0.014942
0,0.015114
0,0.015213
0,0.015336
0,0.015434
0,0.015853
0,0.015853
0,0.016025
0,0.016321
0,0.016739
0,0.017133
0,0.01701
0,0.016862
0,0.016715
0,0.016961
0,0.016271
0,0.016271
0,0.016518
0,0.016075
0,0.016075
0,0.016198
0,0.016271
0,0.016222
0,0.016321
0,0.016518
0,0.017158
0,0.01797
0,0.018635
0,0.019496
0,0.020456
0,0.021367
0,0.021465
0,0.02213
0,0.022672
0,0.022746
0,0.02277
0,0.022721
0,0.02213
0,0.022155
0,0.02245
0,0.022426
0,0.022549
0,0.022549
0,0.022499
0,0.022549
0,0.022672
0,0.023139
0,0.023878
0,0.023484
0,0.023164
0,0.022721
0,0.022622
0,0.022622
0,0.023607
0,0.02277
0,0.022622
0,0.022622
0,0.02213
0,0.021933
0,0.021982
0,0.022081
0,0.021589
0,0.021244
0,0.020875
0,0.020432
0,0.020013
0,0.019472
0,0.019028
0,0.018585
0,0.01829
0,0.017945
0,0.018487
0,0.017896
0,0.017502
0,0.018019
0,0.017748
0,0.017601
0,0.01733
0,0.016911
0,0.016616
0,0.016321
0,0.015951
0,0.01573
0,0.015508
0,0.015238
0,0.015065
0,0.014819
0,0.014647
0,0.014425
0,0.014278
0,0.014031
0,0.013908
0,0.013711
0,0.013613
0,0.013441
0,0.013367
0,0.01317
0,0.01317
0,0.012899
0,0.012776
0,0.012653
0,0.012579
0,0.012407
0,0.012579
0,0.012505
0,0.012431
0,0.012382
0,0.012357
0,0.012284
0,0.012554
0,0.013441
0,0.014351
0,0.015385
0,0.016345
0,0.017158
0,0.017551
0,0.018044
0,0.017527
0,0.017896
0,0.018216
0,0.017995
0,0.018339
0,0.019078
0,0.019373
0,0.019668
0,0.020727
0,0.020259
0,0.020259
0,0.020727
0,0.021047
0,0.022032
0,0.023213
0,0.022204
0,0.022229
0,0.022007
0,0.022352
0,0.022746
0,0.023312
0,0.023066
0,0.023115
0,0.024198
0,0.024641
0,0.023213
0,0.02277
0,0.022622
0,0.022573
0,0.022499
0,0.022179
0,0.021736
0,0.021293
0,0.020801
0,0.020382
0,0.020087
0,0.019595
0,0.019225
0,0.019102
0,0.018881
0,0.018635
0,0.018512
0,0.018413
0,0.017995
0,0.018019
0,0.017822
0,0.017675
0,0.017404
0,0.017305
0,0.017059
0,0.016887
0,0.016764
0,0.016838
0,0.016838
0,0.016518
0,0.016271
0,0.016148
0,0.015976
0,0.015779
0,0.01573
0,0.015434
0,0.015287
0,0.015262
0,0.015114
0,0.014844
0,0.014696
0,0.014548
0,0.014548
0,0.014893
0,0.014327
0,0.014056
0,0.014007
0,0.013908
0,0.013859
0,0.013662
0,0.013933
0,0.013834
0,0.013662
0,0.013613
0,0.013514
0,0.013441
0,0.013391
0,0.013317
0,0.013219
0,0.01317
0,0.013096
0,0.013022
0,0.012973
0,0.012924
0,0.012874
0,0.012874
0,0.012801
0,0.012776
0,0.012776
0,0.012751
0,0.012727
0,0.012702
0,0.012702
0,0.012653
0,0.012604
0,0.012554
0,0.012554
0,0.012234
0,0.012185
0,0.012185
0,0.012136
0,0.012136
0,0.012087
0,0.012037
0,0.012013
0,0.012013
0,0.011964
0,0.01189
0,0.01189
0,0.01189
0,0.01184
0,0.011988
0,0.011988
0,0.012013
0,0.012185
0,0.012234
0,0.012776
0,0.012801
0,0.012776
0,0.012751
0,0.013047
0,0.013367
0,0.013293
0,0.013293
0,0.014548
0,0.014401
0,0.014721
0,0.015016
0,0.016001
0,0.015779
0,0.016493
0,0.017502
0,0.017995
0,0.017404
0,0.018118
0,0.017724
0,0.018093
0,0.018512
0,0.018684
0,0.019004
0,0.019348
0,0.019324
0,0.019619
0,0.019176
0,0.018856
0,0.018955
0,0.017945
0,0.017379
0,0.016961
0,0.016665
0,0.01637
0,0.016321
0,0.016419
0,0.016591
0,0.016715
0,0.016961
0,0.016813
0,0.016887
0,0.016911
0,0.017108
0,0.017305
0,0.017453
0,0.017478
0,0.01765
0,0.017896
0,0.017798
0,0.018068
0,0.018241
0,0.01829
0,0.018216
0,0.018782
0,0.018905
0,0.018044
0,0.018462
0,0.018142
0,0.018561
0,0.018512
0,0.018635
0,0.018635
0,0.018487
0,0.018487
0,0.018512
0,0.018782
0,0.018315
0,0.018413
0,0.018733
0,0.018979
0,0.019176
0,0.018979
0,0.019422
0,0.01957
0,0.019422
0,0.019939
0,0.020062
0,0.020949
0,0.022081
0,0.022081
0,0.022918
0,0.023213
0,0.023656
0,0.023903
0,0.024001
0,0.024346
0,0.024838
0,0.024961
0,0.025872
0,0.02533
0,0.024789
0,0.024838
0,0.024592
0,0.024395
0,0.023976
0,0.023558
0,0.023041
0,0.022573
0,0.022032
0,0.021539
0,0.021096
0,0.020505
0,0.020407
0,0.02213
0,0.020776
0,0.020309
0,0.019915
0,0.019693
0,0.019201
0,0.018758
0,0.018733
0,0.018339
0,0.018216
0,0.017601
0,0.017502
0,0.017108
0,0.016911
0,0.016715
0,0.016591
0,0.01637
0,0.015238
0,0.015213
0,0.015139
0,0.01509
0,0.015016
0,0.014844
0,0.014794
0,0.014598
0,0.014401
0,0.01573
0,0.01541
0,0.015434
0,0.015287
0,0.015287
0,0.015114
0,0.015262
0,0.015114
0,0.014745
0,0.015016
0,0.014967
0,0.014548
0,0.012382
0,0.0080988
0,0.0076803
0,0.0074588
0,0.0073849
0,0.0073357
0,0.0072618
0,0.0071634
0,0.0070649
0,0.0070157
0,0.0069172
0,0.0068187
0,0.0067695
0,0.0067695
0,0.006671
0,0.0065972
0,0.0065972
0,0.006548
0,0.006548
0,0.0064987
0,0.0064741
0,0.0064495
0,0.0064495
0,0.0064249
0,0.0064003
0,0.0064003
0,0.006031
0,0.006031
0,0.0059818
0,0.0059326
0,0.0059326
0,0.0059079
0,0.0058833
0,0.0058587
0,0.0058587
0,0.0058341
0,0.0057602
0,0.0057356
0,0.0056864
0,0.0056618
0,0.0056372
0,0.0056372
0,0.0056372
0,0.0056372
0,0.0055387
0,0.0055387
0,0.0055387
0,0.0055141
0,0.0055141
0,0.0055141
0,0.0054402
0,0.0054402
0,0.0054402
0,0.0054156
0,0.005391
0,0.0053418
0,0.0053418
0,0.0052925
0,0.0052925
0,0.0052925
0,0.0052433
0,0.0052187
0,0.0051941
0,0.0051941
0,0.0051941
0,0.0051941
0,0.0052433
0,0.0052433
0,0.0051694
0,0.0051694
0,0.0051448
0,0.0051448
0,0.0051448
0,0.0051448
0,0.0051448
0,0.0051941
0,0.0050956
0,0.0050956
0,0.005071
0,0.0050464
0,0.0050464
0,0.0050464
0,0.0050464
0,0.0050464
0,0.0050464
0,0.005071
0,0.005071
0,0.005071
0,0.0051448
0,0.0050956
0,0.0051448
0,0.0050956
0,0.0050464
0,0.0050956
0,0.0050956
0,0.0050464
0,0.0050464
0,0.0050956
0,0.0050464
0,0.0050464
0,0.0050956
0,0.0050956
0,0.0050956
0,0.0050956
0,0.0050956
0,0.0050956
0,0.0050956
0,0.005071
0,0.005071
0,0.0051202
0,0.0051202
0,0.0051448
0,0.0051202
0,0.0051202
0,0.005071
0,0.0050464
0,0.0050956
0,0.005071
0,0.0050464
0,0.0050217
0,0.0050217
0,0.0050217
0,0.0049971
0,0.0050217
0,0.0049971
0,0.0049971
0,0.0049971
0,0.0049971
0,0.0049971
0,0.0050217
0,0.0049725
0,0.0049725
0,0.0049479
0,0.0048987
0,0.0048248
0,0.0048248
0,0.0048987
0,0.0047756
0,0.004751
0,0.004751
0,0.0048002
0,0.0048248
0,0.0048494
0,0.0048248
0,0.0048002
0,0.0048002
0,0.0047756
0,0.0048002
0,0.0048494
0,0.0048494
0,0.0048987
0,0.0048987
0,0.0048987
0,0.0049233
0,0.0048987
0,0.0048987
0,0.0049233
0,0.0049479
0,0.0049233
0,0.0049233
0,0.0049233
0,0.0049233
0,0.0049479
0,0.0049479
0,0.0049479
0,0.0049479
0,0.0049479
0,0.0049479
0,0.0049233
0,0.0049479
0,0.0049479
0,0.0049479
0,0.0049479
0,0.0049233
0,0.0049233
0,0.0049479
0,0.0049479
0,0.0049479
0,0.0048987
0,0.0049479
0,0.0049479
0,0.0049479
0,0.0049233
0,0.0048987
0,0.0048987
0,0.0048987
0,0.0048987
0,0.0048987
0,0.0048987
0,0.0048987
0,0.0048987
0,0.0048987
0,0.0048987
0,0.0048002
0,0.0048002
0,0.0048002
0,0.0048494
0,0.0048494
0,0.0049233
0,0.0049233
0,0.0049233
0,0.0049233
0,0.0049479
0,0.0048002
0,0.0048987
0,0.0049479
0,0.0049233
0,0.0048987
0,0.0048002
0,0.0048987
0,0.0048987
0,0.0048987
0,0.0048987
0,0.0048987
0,0.0048987
0,0.0049479
0,0.0049479
0,0.0049479
0,0.0049479
0,0.0049479
0,0.0049725
0,0.0049479
0,0.0052433
0,0.0045786
0,0.004874
0,0.0050956
0,0.0049233
0,0.0048494
0,0.0046279
0,0.0044556
0,0.0045048
0,0.0044556
0,0.004431
0,0.0043325
0,0.0044556
0,0.0043079
0,0.0042586
0,0.0042586
0,0.0042586
0,0.0043079
0,0.0043079
0,0.0045048
0,0.0042833
0,0.0043571
0,0.0043571
0,0.0042833
0,0.0043079
0,0.0043325
0,0.0043079
0,0.0042833
0,0.0042094
0,0.0042586
0,0.0042586
0,0.004431
0,0.0043571
0,0.0043571
0,0.0043571
0,0.0043571
0,0.004431
0,0.0041356
0,0.0041602
0,0.0041848
0,0.0042833
0,0.0043325
0,0.0043817
0,0.0045048
0,0.0045048
0,0.0045048
0,0.0045048
0,0.0045048
0,0.0045294
0,0.0045294
0,0.0045294
0,0.004554
0,0.004554
0,0.004554
0,0.004554
0,0.004554
0,0.0046033
0,0.0046033
0,0.0046033
0,0.0046033
0,0.0047017
0,0.0046033
0,0.0047017
0,0.0047017
0,0.0047017
0,0.0047017
0,0.0047017
0,0.0046525
0,0.0046771
0,0.0047263
0,0.0048002
0,0.0047263
0,0.0047263
0,0.0047017
0,0.0047017
0,0.0047017
0,0.0047263
0,0.0047263
0,0.0047017
0,0.0046771
0,0.0046771
0,0.0047017
0,0.0047017
0,0.0047017
0,0.0046771
0,0.0046771
0,0.0047263
0,0.0046771
0,0.0046771
0,0.0046771
0,0.0046771
0,0.0046771
0,0.0047017
0,0.0046771
0,0.0046771
0,0.0046771
0,0.0046771
0,0.0048248
0,0.0034217
0,0.0031263
0,0.0029786
0,0.0029294
0,0.0028309
0,0.0040125
0,0.0022401
0,0.0013293
0,0.0012308
0,0.0026832
0,0.004554
0,0.0046525
0,0.0054895
0,0.007188
0,0.0087881
0,0.011004
0,0.012333
0,0.015311
0,0.01733
0,0.020629
0,0.019865
0,0.017798
0,0.019201
0,0.018758
0,0.018881
0,0.018659
0,0.020407
0,0.018979
0,0.02826
0,0.022672
0,0.022622
0,0.023853
0,0.023312
0,0.022672
0,0.021884
0,0.022327
0,0.020998
0,0.020407
0,0.020259
0,0.019939
0,0.019078
0,0.019398
0,0.018782
0,0.019545
0,0.019472
0,0.019078
0,0.019127
0,0.019324
0,0.01893
0,0.019422
0,0.019915
0,0.020481
0,0.020407
0,0.020604
0,0.020973
0,0.021392
0,0.021219
0,0.021392
0,0.021736
0,0.022622
0,0.023164
0,0.023262
0,0.02341
0,0.023853
0,0.024198
0,0.024592
0,0.024764
0,0.025084
0,0.025576
0,0.025601
0,0.025773
0,0.026315
0,0.026733
0,0.02725
0,0.027546
0,0.027644
0,0.027546
0,0.027743
0,0.02725
0,0.027127
0,0.026709
0,0.026167
0,0.02602
0,0.025552
0,0.024936
0,0.024887
0,0.024149
0,0.023706
0,0.023755
0,0.023115
0,0.022795
0,0.022327
0,0.023016
0,0.022278
0,0.021638
0,0.021318
0,0.020702
0,0.020456
0,0.020038
0,0.019619
0,0.019422
0,0.018979
0,0.018684
0,0.018462
0,0.018019
0,0.017748
0,0.017355
0,0.017182
0,0.017084
0,0.011274
0,0.0049971
0,0.0051448
0,0.005071
0,0.0049233
0,0.0050464
0,0.0049479
0,0.0050464
0,0.0054648
0,0.0054648
0,0.0054156
0,0.0054156
0,0.0050464
0,0.0049479
0,0.0049479
0,0.0049233
0,0.0048494
0,0.0048494
0,0.0048002
0,0.0048002
0,0.0047263
0,0.0047017
0,0.0047017
0,0.004554
0,0.004431
0,0.0043571
0,0.0043325
0,0.0040617
0,0.0039879
0,0.0038402
0,0.0037417
0,0.0036186
0,0.0035201
0,0.0034217
0,0.0033478
0,0.003274
0,0.0032001
0,0.003077
0,0.0030032
0,0.0029294
0,0.0029294
0,0.0029294
0,0.0029047
0,0.0025601
0,0.0025601
0,0.0025355
0,0.0024863
0,0.0024616
0,0.002437
0,0.0024124
0,0.0024124
0,0.0022893
0,0.0022401
0,0.0022401
0,0.0021662
0,0.0021662
0,0.0021416
0,0.0021416
0,0.0020924
0,0.0020924
0,0.0020185
0,0.0019939
0,0.0019939
0,0.0020432
0,0.0020924
0,0.0021416
0,0.0021416
0,0.0021416
0,0.0021909
0,0.0021909
0,0.0022401
0,0.0023386
0,0.0023139
0,0.0023386
0,0.0023632
0,0.0023632
0,0.0023632
0,0.0023632
0,0.0023632
0,0.0024124
0,0.0024124
0,0.0024124
0,0.0024124
0,0.0024124
0,0.0024124
0,0.0024124
0,0.0024124
0,0.0024124
0,0.0024124
0,0.0024124
0,0.0024124
0,0.0023878
0,0.0023878
0,0.0023878
0,0.0023878
0,0.0023878
0,0.0023878
0,0.0023878
0,0.0023878
0,0.0023878
0,0.0023878
0,0.0023878
0,0.0023878
0,0.0023878
0,0.0023878
0,0.0023632
0,0.0023632
0,0.0023386
0,0.0023386
0,0.0023386
0,0.0023386
0,0.0023386
0,0.0023386
0,0.0023386
0,0.0023878
0,0.0023878
0,0.0023386
0,0.0023878
0,0.0023878
0,0.0023878
0,0.0023878
0,0.0023878
0,0.0023878
0,0.0023878
0,0.0023878
0,0.0023878
0,0.0023878
0,0.0023878
0,0.0023878
0,0.0023632
0,0.0023632
0,0.0023632
0,0.0023632
0,0.0023632
0,0.0022893
0,0.0023386
0,0.0023386
0,0.0023386
0,0.0023386
0,0.0023386
0,0.0023386
0,0.0022893
0,0.0022893
0,0.0022893
0,0.0022893
0,0.0023386
0,0.0023386
0,0.0023386
0,0.0022893
0,0.0022893
0,0.0022893
0,0.0022893
0,0.0022893
0,0.0022893
0,0.0022647
0,0.0022893
0,0.0022647
0,0.0022647
0,0.0022647
0,0.0022647
0,0.0022647
0,0.0022647
0,0.0022647
0,0.0022647
0,0.0022401
0,0.0022647
0,0.0022401
0,0.0022401
0,0.0022401
0,0.0022401
0,0.0022401
0,0.0022401
0,0.0021909
0,0.0021909
0,0.0021909
0,0.0021909
0,0.0021909
0,0.0021909
0,0.0021909
0,0.0021909
0,0.0021662
0,0.0021909
0,0.0021662
0,0.0021909
0,0.0021662
0,0.0021662
0,0.0021662
0,0.0021662
0,0.0021662
0,0.0021416
0,0.0021662
0,0.0021662
0,0.0021416
0,0.0021662
0,0.0021416
0,0.0021416
0,0.0021416
0,0.002117
0,0.002117
0,0.0021416
0,0.0021416
0,0.0021416
0,0.002117
0,0.002117
0,0.0021416
0,0.002117
0,0.0020924
0,0.002117
0,0.0020924
0,0.0020432
0,0.0020924
0,0.0020432
0,0.0020432
0,0.0020432
0,0.0020432
0,0.0020432
0,0.0020432
0,0.0019939
0,0.0019939
0,0.0020432
0,0.0020432
0,0.0019939
0,0.0019939
0,0.0019939
0,0.0019939
0,0.0019939
0,0.0019939
0,0.0019939
0,0.0019939
0,0.0019939
0,0.0019939
0,0.0019939
0,0.0019939
0,0.0019939
0,0.0019693
0,0.0019939
0,0.0019939
0,0.0019939
0,0.0019939
0,0.0019939
0,0.0019939
0,0.0019693
0,0.0019693
0,0.0018955
0,0.0019447
0,0.0019693
0,0.0019693
0,0.0019693
0,0.0019447
0,0.0019201
0,0.0019693
0,0.0019693
0,0.0027324
0,0.0045048
0,0.0055387
0,0.0052679
0,0.0045048
0,0.004234
0,0.0037171
0,0.0037171
0,0.0034709
0,0.0027817
0,0.003077
0,0.0036432
0,0.0036925
0,0.0033232
0,0.0036925
0,0.0038155
0,0.0037663
0,0.003914
0,0.0044802
0,0.004554
0,0.0050956
0,0.0052433
0,0.0046033
0,0.0067941
0,0.0063264
0,0.0052925
0,0.0064003
0,0.0052925
0,0.0056864
0,0.0060802
0,0.0058833
0,0.0065233
0,0.007828
0,0.008468
0,0.0093788
0,0.0069664
0,0.0070157
0,0.0071634
0,0.0090588
0,0.008985
0,0.0062279
0,0.0070157
0,0.0064003
0,0.0080988
0,0.0085911
0,0.0092065
0,0.0060064
0,0.0067203
0,0.006548
0,0.0073111
0,0.0068434
0,0.0073849
0,0.0084434
0,0.0096742
0,0.0096989
0,0.0078526
0,0.0075326
0,0.0064249
0,0.0084927
0,0.0087881
0,0.010019
0,0.0091819
0,0.006868
0,0.0094527
0,0.0094035
0,0.0084927
0,0.011324
0,0.0064741
0,0.010019
0,0.012825
0,0.012997
0,0.017601
0,0.017404
0,0.01157
0,0.017404
0,0.018167
0,0.01765
0,0.018019
0,0.019152
0,0.020112
0,0.018241
0,0.020505
0,0.02021
0,0.020505
0,0.019915
0,0.019496
0,0.017601
0,0.015139
0,0.013687
0,0.012481
0,0.01797
0,0.013514
0,0.013613
0,0.011545
0,0.011102
0,0.011644
0,0.012185
0,0.01184
0,0.011496
0,0.012579
0,0.012628
0,0.01216
0,0.011939
0,0.011939
0,0.011791
0,0.010511
0,0.010339
0,0.010339
0,0.010019
0,0.010487
0,0.01056
0,0.010364
0,0.010068
0,0.009625
0,0.009945
0,0.0094527
0,0.0091327
0,0.0078034
0,0.0077049
0,0.0082711
0,0.0082465
0,0.0085173
0,0.0085173
0,0.0085665
0,0.0085665
0,0.0085173
0,0.0084434
0,0.0084434
0,0.0085665
0,0.0084434
0,0.0080988
0,0.0077542
0,0.0078526
0,0.008148
0,0.0079019
0,0.0078526
0,0.0077295
0,0.0077295
0,0.0077295
0,0.0075572
0,0.0077542
0,0.0079265
0,0.0079019
0,0.007828
0,0.0078034
0,0.0077788
0,0.0077295
0,0.0077049
0,0.0076557
0,0.0075818
0,0.007508
0,0.0073357
0,0.0064003
0,0.0061541
0,0.0069172
0,0.0068434
0,0.0068434
0,0.0067941
0,0.0067941
0,0.0067941
0,0.0065972
0,0.0056618
0,0.0049971
0,0.0057602
0,0.0059326
0,0.0070403
0,0.0072126
0,0.007188
0,0.0072372
0,0.0072372
0,0.0072372
0,0.0072126
0,0.0072126
0,0.0072126
0,0.0071634
0,0.0071634
0,0.0069664
0,0.0069664
0,0.0069664
0,0.0069664
0,0.0069172
0,0.0069172
0,0.0069664
0,0.0069664
0,0.0069664
0,0.0069664
0,0.0069664
0,0.0069664
0,0.0069664
0,0.0069664
0,0.0069664
0,0.0069664
0,0.0069664
0,0.0069664
0,0.0069664
0,0.0069664
0,0.0069664
0,0.0069664
0,0.0068926
0,0.0068434
0,0.0068434
0,0.0068434
0,0.0068434
0,0.0068434
0,0.0068434
0,0.0068434
0,0.0068434
0,0.0068434
0,0.0068434
0,0.0068434
0,0.0068434
0,0.0068434
0,0.0068434
0,0.0068434
0,0.0068434
0,0.0068434
0,0.0068434
0,0.0068187
0,0.0068187
0,0.0068187
0,0.0068187
0,0.0068187
0,0.0067941
0,0.0067941
0,0.0067941
0,0.0067941
0,0.0067941
0,0.0067941
0,0.0067941
0,0.0067941
0,0.0067941
0,0.0067941
0,0.0067695
0,0.0067695
0,0.0067449
0,0.0067449
0,0.0067449
0,0.0067449
0,0.0067203
0,0.0067203
0,0.0066957
0,0.0067203
0,0.0066957
0,0.0066957
0,0.0066957
0,0.0066957
0,0.0066957
0,0.0066957
0,0.006671
0,0.0066464
0,0.0066464
0,0.0066464
0,0.0066464
0,0.0066464
0,0.0066464
0,0.0066464
0,0.0066464
0,0.0066464
0,0.0066464
0,0.0066464
0,0.0066464
0,0.0066464
0,0.0066218
0,0.0066218
0,0.0066464
0,0.0066218
0,0.0066464
0,0.0066218
0,0.0065972
0,0.0065972
0,0.0065972
0,0.0065972
0,0.0062772
0,0.0062772
0,0.0062526
0,0.0062772
0,0.0062772
0,0.0065726
0,0.0062279
0,0.0065726
0,0.0065972
0,0.0065972
0,0.0065972
0,0.0065972
0,0.0065972
0,0.006868
0,0.0085911
0,0.0092804
0,0.0091819
0,0.0092804
0,0.010191
0,0.010216
0,0.010782
0,0.0091819
0,0.012284
0,0.012579
0,0.012604
0,0.012727
0,0.012776
0,0.013071
0,0.012973
0,0.013367
0,0.013687
0,0.013514
0,0.013564
0,0.013957
0,0.013957
0,0.014081
0,0.01445
0,0.014918
0,0.014893
0,0.010536
0,0.011102
0,0.0084927
0,0.012062
0,0.012407
0,0.011373
0,0.012357
0,0.0079757
0,0.011299
0,0.010117
0,0.011053
0,0.010807
0,0.0087881
0,0.0087881
0,0.0095512
0,0.0085911
0,0.0087881
0,0.0058833
0,0.0056372
0,0.0066218
0,0.0044063
0,0.0052679
0,0.0036432
0,0.0041602
0,0.0028309
0,0.0045048
0,0.0053664
0,0.0046525
0,0.0042586
0,0.0038402
0,0.0055879
0,0.0057356
0,0.0057356
0,0.0015754
0,0.0037417
0,0.0045048
0,0.0043571
0,0.0040371
0,0.0055141
0,0.0054402
0,0.0052925
0,0.0044556
0,0.0051448
0,0.003914
0,0.0048494
0,0.0054156
0,0.0041602
0,0.0036925
0,0.0041109
0,0.0038155
0,0.0042833
0,0.0036925
0,0.0036432
0,0.003594
0,0.0035694
0,0.0033971
0,0.0035448
0,0.0034955
0,0.0036186
0,0.0051694
0,0.0048987
0,0.0048002
0,0.0044063
0,0.004554
0,0.0042833
0,0.0043325
0,0.0033478
0,0.002757
0,0.0025355
0,0.0032494
0,0.0036678
0,0.003594
0,0.003594
0,0.003594
0,0.0035694
0,0.0035694
0,0.0035694
0,0.0035448
0,0.0035448
0,0.0033232
0,0.0027817
0,0.0029294
0,0.0029294
0,0.0029294
0,0.002954
0,0.002954
0,0.0029294
0,0.002954
0,0.002954
0,0.0029786
0,0.0029294
0,0.0029294
0,0.0030278
0,0.0030524
0,0.0030278
0,0.0030278
0,0.0030278
0,0.0030278
0,0.0030278
0,0.0030278
0,0.0030278
0,0.0030278
0,0.0030278
0,0.0030278
0,0.0030032
0,0.0036432
0,0.0035694
0,0.0040125
0,0.0037171
0,0.0039386
0,0.0039386
0,0.0040125
0,0.0033971
0,0.0037663
0,0.0038648
0,0.0037171
0,0.0037171
0,0.0035201
0,0.0031263
0,0.0031263
0,0.0030524
0,0.0030278
0,0.0030278
0,0.0030278
0,0.0030278
0,0.0030278
0,0.0030278
0,0.0030032
0,0.002954
0,0.0037171
0,0.0036432
0,0.0031755
0,0.0035448
0,0.0036925
0,0.0035201
0,0.0032247
0,0.0022893
0,0.0032986
0,0.0037663
0,0.0036925
0,0.0042094
0,0.0045294
0,0.0045048
0,0.0041602
0,0.0042094
0,0.0038648
0,0.0036925
0,0.0040863
0,0.004431
0,0.0046033
0,0.004554
0,0.0043325
0,0.0042094
0,0.0043079
0,0.0042094
0,0.0033232
0,0.0035694
0,0.0038894
0,0.0039879
0,0.0036432
0,0.004554
0,0.0045048
0,0.0044802
0,0.004431
0,0.0043571
0,0.0043571
0,0.0042094
0,0.0042586
0,0.003914
0,0.0027324
0,0.0019693
0,0.0036432
0,0.0030032
0,0.0036925
0,0.003077
0,0.0031263
0,0.0041109
0,0.0043079
0,0.0043079
0,0.0037171
0,0.0027078
0,0.0033478
0,0.004234
0,0.0043079
0,0.0043079
0,0.0035448
0,0.0019201
0,0.0026832
0,0.0034709
0,0.0040125
0,0.0036432
0,0.0037171
0,0.0030278
0,0.0032986
0,0.0035201
0,0.0032986
0,0.0033971
0,0.0037171
0,0.0035448
0,0.0035694
0,0.0031509
0,0.0023632
0,0.0033232
0,0.0035694
0,0.0034709
0,0.0035201
0,0.0031017
0,0.003594
0,0.0035201
0,0.0036678
0,0.0033971
0,0.003594
0,0.0031017
0,0.0033232
0,0.0034709
0,0.0035201
0,0.0027078
0,0.0026832
0,0.0028309
0,0.0033232
0,0.0030032
0,0.00046771
0,0.0037417
0,0.0036186
0,0.0030524
0,0.0036432
0,0.0033232
0,0.0030524
0,0.0032986
0,0.0036678
0,0.0037171
0,0.003594
0,0.0033971
0,0.0031017
0,0.0030032
0,0.0037909
0,0.0037171
0,0.0030032
0,0.0029294
0,0.0034955
0,0.0038894
0,0.0032001
0,0.0029786
0,0.0036678
0,0.0037417
0,0.0037171
0,0.0035448
0,0.0035694
0,0.0031509
0,0.0036432
0,0.0037417
0,0.0033232
0,0.0030278
0,0.0031755
0,0.0041356
0,0.0033232
0,0.0035694
0,0.0035694
0,0.0035201
0,0.0035201
0,0.0037417
0,0.0034955
0,0.003594
0,0.0036186
0,0.0037171
0,0.0036432
0,0.003594
0,0.003594
0,0.0036186
0,0.0036432
0,0.0036186
0,0.0036432
0,0.003594
0,0.003274
0,0.0037171
0,0.0036186
0,0.0036432
0,0.0036925
0,0.0032247
0,0.0040863
0,0.0035448
0,0.0036925
0,0.0038894
0,0.0036678
0,0.0037417
0,0.0035694
0,0.0037171
0,0.0034217
0,0.0040617
0,0.0040125
0,0.0041602
0,0.0041602
0,0.0041356
0,0.0037663
0,0.0034955
0,0.0036186
0,0.0036432
1,0.0024863
1,0.0029786
1,0.0023878
1,0.0025601
1,0.0020185
1,0.0025109
1,0.00081234
1,0.0033478
1,0.0030524
1,0.0032494
1,0.0032247
1,0.0035448
1,0.0034463
1,0.0039386
1,0.0051202
1,0.0065233
1,0.008985
1,0.0089357
1,0.011865
1,0.0112
1,0.016173
1,0.014376
1,0.013982
1,0.01381
1,0.013908
1,0.011791
1,0.013022
1,0.01253
1,0.012825
1,0.011594
1,0.014031
1,0.015336
1,0.015139
1,0.014598
1,0.014548
1,0.013194
1,0.012899
1,0.011373
1,0.010388
1,0.011447
1,0.012382
1,0.012997
1,0.012013
1,0.011545
1,0.012357
1,0.011693
1,0.012702
1,0.012382
1,0.010265
1,0.011447
1,0.014524
1,0.013834
1,0.011717
1,0.012357
1,0.012382
1,0.013293
1,0.013194
1,0.013391
1,0.013293
1,0.012973
1,0.014745
1,0.014696
1,0.015533
1,0.015631
1,0.013268
1,0.015508
1,0.016641
1,0.016764
1,0.016198
1,0.015878
1,0.014351
1,0.014228
1,0.016271
1,0.016444
1,0.01253
1,0.015065
1,0.012062
1,0.013834
1,0.01285
1,0.011594
1,0.013121
1,0.012431
1,0.012481
1,0.0090342
1,0.0099696
1,0.011594
1,0.010807
1,0.011397
1,0.010634
1,0.010708
1,0.010068
1,0.0096496
1,0.0096496
1,0.0097235
1,0.008985
1,0.0081973
1,0.0088619
1,0.0086404
1,0.0085665
1,0.0078526
1,0.0076557
1,0.0080742
1,0.0080249
1,0.0088619
1,0.0086404
1,0.0084434
1,0.0083203
1,0.0075818
1,0.0072126
1,0.006031
1,0.0062033
1,0.0049479
1,0.0040863
1,0.005391
1,0.006671
1,0.0054402
1,0.0060802
1,0.0067695
1,0.0062772
1,0.006351
1,0.0059572
1,0.0061049
1,0.0063264
1,0.0065972
1,0.0062033
1,0.0040371
1,0.0027817
1,0.0028309
1,0.002634
1,0.0037171
1,0.0052925
1,0.0040371
1,0.0059079
1,0.0056125
1,0.005391
1,0.0049233
1,0.0042094
1,0.0034463
1,0.0048987
1,0.0035201
1,0.0043817
1,0.0057356
1,0.0054895
1,0.0053418
1,0.0059326
1,0.0059818
1,0.0059818
1,0.0060802
1,0.0060802
1,0.0060064
1,0.0059818
1,0.0058833
1,0.0058833
1,0.0056125
1,0.0058833
1,0.0058833
1,0.0058833
1,0.0058833
1,0.0058587
1,0.0058833
1,0.0058341
1,0.0058833
1,0.0054895
1,0.0057849
1,0.0056864
1,0.0052187
1,0.0048002
1,0.0048987
1,0.0048987
1,0.0048494
1,0.0048002
1,0.004554
1,0.0048002
1,0.0048248
1,0.0048494
1,0.005071
1,0.0047756
1,0.005071
1,0.0049971
1,0.0054402
1,0.0054156
1,0.0055387
1,0.0055879
1,0.0056372
1,0.0056125
1,0.0056125
1,0.0056372
1,0.0056618
1,0.0056372
1,0.0056618
1,0.0056372
1,0.0056618
1,0.0056372
1,0.0056372
1,0.0056372
1,0.0056372
1,0.0056618
1,0.0056372
1,0.0056372
1,0.0056372
1,0.0055879
1,0.0055879
1,0.0055633
1,0.0055633
1,0.0055879
1,0.0055879
1,0.0056372
1,0.0056125
1,0.0056372
1,0.0055879
1,0.0055879
1,0.0056372
1,0.0055879
1,0.0055387
1,0.0051941
1,0.0053664
1,0.0054895
1,0.0054895
1,0.0055387
1,0.0055387
1,0.0055387
1,0.0048494
1,0.0055633
1,0.0056372
1,0.0054895
1,0.0055387
1,0.0056864
1,0.0055879
1,0.0055387
1,0.0055879
1,0.0053171
1,0.0053664
1,0.0054402
1,0.0054402
1,0.0052433
1,0.0049971
1,0.0040125
1,0.003274
1,0.0042586
1,0.0041109
1,0.0043571
1,0.0044802
1,0.0046279
1,0.0049971
1,0.0052679
1,0.0045048
1,0.0041848
1,0.0042094
1,0.0041602
1,0.0043571
1,0.0042094
1,0.0041356
1,0.0041356
1,0.0041356
1,0.0041109
1,0.0040863
1,0.0041109
1,0.0043571
1,0.0053664
1,0.0070157
1,0.0092558
1,0.010019
1,0.012382
1,0.01413
1,0.012702
1,0.013391
1,0.013761
1,0.015434
1,0.015681
1,0.015976
1,0.014253
1,0.013761
1,0.015484
1,0.015927
1,0.015484
1,0.014499
1,0.014499
1,0.014401
1,0.013317
1,0.016345
1,0.015607
1,0.015533
1,0.015188
1,0.01541
1,0.015385
1,0.016616
1,0.016542
1,0.01605
1,0.015139
1,0.016542
1,0.012751
1,0.014844
1,0.016788
1,0.016518
1,0.016198
1,0.016518
1,0.016887
1,0.016222
1,0.016788
1,0.016419
1,0.016321
1,0.016665
1,0.016567
1,0.016198
1,0.015976
1,0.016271
1,0.015976
1,0.01573
1,0.01509
1,0.015804
1,0.01573
1,0.015927
1,0.017207
1,0.016764
1,0.016665
1,0.016567
1,0.015779
1,0.016222
1,0.016591
1,0.018216
1,0.019348
1,0.018659
1,0.015582
1,0.018413
1,0.019348
1,0.019176
1,0.020062
1,0.021465
1,0.020407
1,0.020727
1,0.020358
1,0.020949
1,0.021145
1,0.020653
1,0.020358
1,0.019964
1,0.019398
1,0.018955
1,0.017995
1,0.015287
1,0.01605
1,0.01573
1,0.01573
1,0.014721
1,0.014548
1,0.014081
1,0.013367
1,0.012333
1,0.012948
1,0.012579
1,0.012579
1,0.01157
1,0.01189
1,0.01184
1,0.011619
1,0.011397
1,0.011127
1,0.010905
1,0.010708
1,0.010511
1,0.010314
1,0.010068
1,0.010043
1,0.010019
1,0.009945
1,0.0098958
1,0.0095265
1,0.0092558
1,0.0090342
1,0.0090342
1,0.0089111
1,0.0087388
1,0.0084188
1,0.006671
1,0.0073111
1,0.0065726
1,0.0057356
1,0.0069172
1,0.0064003
1,0.006548
1,0.0062526
1,0.0056864
1,0.0046033
1,0.0058833
1,0.0059818
1,0.0052187
1,0.0056864
1,0.0065233
1,0.0052925
1,0.0059326
1,0.0064249
1,0.0068434
1,0.0067449
1,0.0066218
1,0.0066957
1,0.0063018
1,0.0067941
1,0.0067941
1,0.0067449
1,0.0066957
1,0.006671
1,0.0058341
1,0.0057356
1,0.0058833
1,0.0059818
1,0.006031
1,0.0062279
1,0.0058833
1,0.0057849
1,0.005711
1,0.0055879
1,0.0057356
1,0.0055141
1,0.0052679
1,0.0053418
1,0.0052925
1,0.0054648
1,0.005391
1,0.0056125
1,0.0053664
1,0.0054402
1,0.0054402
1,0.0055141
1,0.0055387
1,0.0054402
1,0.0051202
1,0.0049971
1,0.0049479
1,0.0050464
1,0.0050464
1,0.0051941
1,0.0048494
1,0.0045048
1,0.0054156
1,0.0056125
1,0.0055879
1,0.0055387
1,0.0055141
1,0.0054648
1,0.005391
1,0.0052925
1,0.0052679
1,0.0052679
1,0.0052187
1,0.0052679
1,0.0052187
1,0.0050464
1,0.0052187
1,0.0052187
1,0.0052679
1,0.0049971
1,0.0044063
1,0.0037171
1,0.0033478
1,0.0040371
1,0.0034955
1,0.0044556
1,0.0037171
1,0.0038648
1,0.0041109
1,0.0038648
1,0.0036678
1,0.0037663
1,0.0034463
1,0.0036186
1,0.0033232
1,0.0032986
1,0.0033724
1,0.0035694
1,0.0036925
1,0.0036925
1,0.0031263
1,0.0037417
1,0.0037663
1,0.0037417
1,0.0037171
1,0.0041602
1,0.003914
1,0.0040371
1,0.0039632
1,0.0037663
1,0.0037171
1,0.0037171
1,0.0037663
1,0.0037663
1,0.0037663
1,0.0037417
1,0.0037171
1,0.0037171
1,0.0037171
1,0.0037663
1,0.0037417
1,0.0037171
1,0.0035448
1,0.0036925
1,0.0037171
1,0.0036432
1,0.0036432
1,0.003077
1,0.0036925
1,0.0037171
1,0.0033232
1,0.0036925
1,0.0035201
1,0.0034217
1,0.0037171
1,0.004234
1,0.0075326
1,0.0084188
1,0.011594
1,0.011668
1,0.009625
1,0.010043
1,0.0093788
1,0.01024
1,0.010856
1,0.010216
1,0.010314
1,0.01157
1,0.01029
1,0.011274
1,0.010339
1,0.010265
1,0.010068
1,0.0099204
1,0.0091573
1,0.010191
1,0.0093542
1,0.0097973
1,0.0095019
1,0.0097973
1,0.0093296
1,0.010487
1,0.010462
1,0.010364
1,0.010437
1,0.010905
1,0.011988
1,0.011324
1,0.011988
1,0.012382
1,0.012579
1,0.013785
1,0.011988
1,0.011644
1,0.012382
1,0.011447
1,0.011816
1,0.012333
1,0.012899
1,0.012899
1,0.01285
1,0.013342
1,0.012948
1,0.012997
1,0.013071
1,0.011151
1,0.011816
1,0.0098466
1,0.011914
1,0.011102
1,0.009625
1,0.010733
1,0.010536
1,0.0112
1,0.012087
1,0.012604
1,0.014893
1,0.015853
1,0.013514
1,0.013367
1,0.013441
1,0.013539
1,0.013514
1,0.013982
1,0.014154
1,0.015484
1,0.012554
1,0.013539
1,0.013761
1,0.015631
1,0.01605
1,0.015976
1,0.015804
1,0.014745
1,0.013441
1,0.0097727
1,0.010831
1,0.0090342
1,0.0093296
1,0.009625
1,0.007508
1,0.011151
1,0.0072372
1,0.0076803
1,0.0095512
1,0.008665
1,0.0070649
1,0.008985
1,0.0063264
1,0.0085665
1,0.0090096
1,0.0084927
1,0.0095512
1,0.0073849
1,0.006671
1,0.0072865
1,0.0082711
1,0.007828
1,0.0079019
1,0.0080496
1,0.0080003
1,0.0079265
1,0.0077542
1,0.0072618
1,0.0076803
1,0.0073603
1,0.006671
1,0.0074095
1,0.0067695
1,0.0071388
1,0.0070403
1,0.0080742
1,0.0074095
1,0.0072372
1,0.0070895
1,0.0074095
1,0.0076557
1,0.0073111
1,0.0076065
1,0.0077788
1,0.0060802
1,0.0060064
1,0.0073849
1,0.006868
1,0.0062033
1,0.006548
1,0.0076065
1,0.0078526
1,0.0082711
1,0.0079019
1,0.0087634
1,0.0082957
1,0.0084434
1,0.0081973
1,0.0076557
1,0.0076311
1,0.0077542
1,0.0076065
1,0.0069172
1,0.006868
1,0.0068434
1,0.0067449
1,0.0062279
1,0.0060064
1,0.0053418
1,0.0060802
1,0.0058095
1,0.0061541
1,0.0056372
1,0.0055387
1,0.0057849
1,0.0058833
1,0.0063264
1,0.0058587
1,0.0059079
1,0.0058833
1,0.0059572
1,0.005711
1,0.0054895
1,0.0054402
1,0.0055387
1,0.0052925
1,0.0052187
1,0.005391
1,0.0055141
1,0.0054156
1,0.0052925
1,0.0054402
1,0.0053171
1,0.005391
1,0.0049479
1,0.0052679
1,0.0055387
1,0.0055387
1,0.0055387
1,0.0054648
1,0.0053418
1,0.005391
1,0.005391
1,0.0054895
1,0.0053664
1,0.0055141
1,0.0054895
1,0.0054895
1,0.0054895
1,0.005391
1,0.0054402
1,0.0054402
1,0.0053418
1,0.0053418
1,0.0053418
1,0.0052679
1,0.004874
1,0.0052925
1,0.0052925
1,0.0053418
1,0.0052925
1,0.0052925
1,0.0052679
1,0.0052679
1,0.0052925
1,0.0052679
1,0.0052679
1,0.0052679
1,0.0052679
1,0.0052679
1,0.0052679
1,0.0052679
1,0.0052433
1,0.0052433
1,0.0052433
1,0.0052433
1,0.0052433
1,0.0052679
1,0.0052187
1,0.0052187
1,0.0052187
1,0.0052187
1,0.0052187
1,0.0052187
1,0.0051694
1,0.0051694
1,0.0051448
1,0.0050217
1,0.0049233
1,0.0049971
1,0.0049479
1,0.0049479
1,0.0048987
1,0.0043571
1,0.0045048
1,0.0047017
1,0.0046279
1,0.0041602
1,0.0046525
1,0.0047017
1,0.0047017
1,0.0046525
1,0.0048002
1,0.004751
1,0.0048494
1,0.004751
1,0.0042586
1,0.0043817
1,0.0039632
1,0.0041848
1,0.0042586
1,0.0042094
1,0.003914
1,0.0035694
1,0.0025847
1,0.0024863
1,0.0043325
1,0.0035694
1,0.0046525
1,0.0047017
1,0.004751
1,0.0047017
1,0.0047017
1,0.0047017
1,0.0046771
1,0.0046279
1,0.0042833
1,0.0038648
1,0.0042586
1,0.0061049
1,0.0085665
1,0.0095512
1,0.01125
1,0.01189
1,0.012973
1,0.01317
1,0.012825
1,0.014081
1,0.012751
1,0.01317
1,0.012185
1,0.011988
1,0.012407
1,0.011397
1,0.012653
1,0.011324
1,0.01509
1,0.016887
1,0.016567
1,0.014524
1,0.013662
1,0.013317
1,0.01541
1,0.013416
1,0.012062
1,0.010462
1,0.0093296
1,0.012284
1,0.014893
1,0.013268
1,0.013564
1,0.01253
1,0.012604
1,0.0077295
1,0.0060064
1,0.0084188
1,0.0090588
1,0.014499
1,0.014622
1,0.015016
1,0.014081
1,0.014425
1,0.014918
1,0.014204
1,0.014007
1,0.013957
1,0.013071
1,0.01285
1,0.013293
1,0.013613
1,0.013145
1,0.014671
1,0.01157
1,0.011471
1,0.01056
1,0.012013
1,0.0082711
1,0.011299
1,0.01024
1,0.013342
1,0.015533
1,0.011422
1,0.01061
1,0.011004
1,0.006548
1,0.012136
1,0.014425
1,0.010388
1,0.0098958
1,0.0087142
1,0.0085419
1,0.0096496
1,0.010314
1,0.0068926
1,0.013416
1,0.011644
1,0.0112
1,0.011004
1,0.0095758
1,0.0072126
1,0.0085665
1,0.0095758
1,0.008345
1,0.0089604
1,0.0084434
1,0.0085665
1,0.01056
1,0.010142
1,0.0097727
1,0.014401
1,0.01317
1,0.013785
1,0.0067695
1,0.011324
1,0.011324
1,0.0099204
1,0.01317
1,0.012407
1,0.011151
1,0.012185
1,0.012481
1,0.010954
1,0.0095758
1,0.0072865
1,0.0068434
1,0.0093296
1,0.0099204
1,0.0092804
1,0.0087881
1,0.0085173
1,0.0085911
1,0.0089357
1,0.0090096
1,0.0086896
1,0.0076557
1,0.0077788
1,0.0067695
1,0.0074095
1,0.0072618
1,0.0072618
1,0.0072618
1,0.006868
1,0.006868
1,0.0067941
1,0.006868
1,0.006868
1,0.006868
1,0.006868
1,0.006868
1,0.006868
1,0.006868
1,0.0068434
1,0.0068434
1,0.0068434
1,0.0067941
1,0.006351
1,0.0062526
1,0.0063756
1,0.0056372
1,0.0058833
1,0.0055879
1,0.0054402
1,0.0052925
1,0.0053664
1,0.0048987
1,0.0054402
1,0.0054156
1,0.0052433
1,0.0049479
1,0.0048494
1,0.004751
1,0.0049479
1,0.0049725
1,0.0052187
1,0.0052187
1,0.0053664
1,0.0053664
1,0.0052187
1,0.004431
1,0.0041848
1,0.0045786
1,0.003594
1,0.0034955
1,0.0029047
1,0.0035448
1,0.004554
1,0.0042094
1,0.0046279
1,0.0047017
1,0.0045294
1,0.0045786
1,0.0044063
1,0.004554
1,0.0041602
1,0.0037417
1,0.0037417
1,0.0038648
1,0.0043571
1,0.0040125
1,0.0042833
1,0.0041602
1,0.004234
1,0.0042586
1,0.0043079
1,0.0036925
1,0.0040617
1,0.0037909
1,0.003914
1,0.0037171
1,0.0029786
1,0.0038648
1,0.0035448
1,0.0038155
1,0.0029047
1,0.0032247
1,0.0037417
1,0.0038648
1,0.0037663
1,0.0037663
1,0.0037171
1,0.0029786
1,0.0036678
1,0.0037171
1,0.0037663
1,0.0024616
1,0.0037171
1,0.0027324
1,0.0036925
1,0.0036432
1,0.0032494
1,0.003594
1,0.002437
1,0.0032986
1,0.0037171
1,0.0036432
1,0.0035448
1,0.0030032
1,0.0036432
1,0.0034217
1,0.0013539
1,0.0018216
1,0.0030032
1,0.0012308
1,0.0010585
1,0.00041848
1,0.00078772
1,0.0022893
1,0.0032494
1,0.0032986
1,0.0035201
1,0.0035448
1,0.0029294
1,0.002634
1,0.002634
1,0.0026093
1,0.0027078
1,0.002437
1,0.002437
1,0.002437
1,0.002437
1,0.002437
1,0.002437
1,0.0023878
1,0.002437
1,0.0023632
1,0.0023878
1,0.0023632
1,0.0023632
1,0.0031263
1,0.0035694
1,0.003594
1,0.003594
1,0.0038155
1,0.0037663
1,0.0038155
1,0.0037417
1,0.0033232
1,0.0035201
1,0.0055879
1,0.0072618
1,0.0082465
1,0.008985
1,0.010216
1,0.011053
1,0.01184
1,0.0112
1,0.011397
1,0.01285
1,0.012554
1,0.012431
1,0.013022
1,0.013957
1,0.012997
1,0.013957
1,0.013957
1,0.014154
1,0.013465
1,0.013121
1,0.013367
1,0.013293
1,0.013145
1,0.012481
1,0.012579
1,0.013441
1,0.013342
1,0.014105
1,0.014893
1,0.015828
1,0.01637
1,0.016148
1,0.017207
1,0.018167
1,0.01829
1,0.018856
1,0.019398
1,0.018438
1,0.016518
1,0.016124
1,0.016493
1,0.016025
1,0.016001
1,0.015927
1,0.015681
1,0.016321
1,0.017059
1,0.016567
1,0.016616
1,0.01765
1,0.017625
1,0.016542
1,0.016616
1,0.016567
1,0.016616
1,0.017084
1,0.012481
1,0.011693
1,0.01184
1,0.012185
1,0.012136
1,0.012505
1,0.012997
1,0.013588
1,0.013761
1,0.013884
1,0.014056
1,0.014524
1,0.014622
1,0.014573
1,0.015582
1,0.015213
1,0.015631
1,0.016099
1,0.012776
1,0.011644
1,0.013957
1,0.010757
1,0.011004
1,0.012185
1,0.012185
1,0.011865
1,0.010462
1,0.011028
1,0.0080988
1,0.014499
1,0.014499
1,0.01317
1,0.012481
1,0.011397
1,0.011397
1,0.010733
1,0.010905
1,0.010364
1,0.010339
1,0.010019
1,0.0095758
1,0.0093788
1,0.0088865
1,0.0087634
1,0.008665
1,0.008985
1,0.0087881
1,0.0084434
1,0.006671
1,0.0073603
1,0.0074341
1,0.0073849
1,0.0074588
1,0.0072126
1,0.0070157
1,0.0071141
1,0.0070895
1,0.0055141
1,0.0031755
1,0.0057849
1,0.006671
1,0.0058095
1,0.0060064
1,0.0063018
1,0.0043325
1,0.0041109
1,0.0046279
1,0.0056372
1,0.0054156
1,0.0029786
1,0.0043079
1,0.004431
1,0.0042586
1,0.0051448
1,0.0051694
1,0.0044556
1,0.0043571
1,0.0050217
1,0.0053171
1,0.0052679
1,0.0047017
1,0.0051941
1,0.0050464
1,0.0048987
1,0.0045294
1,0.0042586
1,0.0046033
1,0.004751
1,0.004751
1,0.0048002
1,0.004751
1,0.0047017
1,0.0046771
1,0.0046525
1,0.0043325
1,0.0046771
1,0.0046033
1,0.0042094
1,0.003274
1,0.0039386
1,0.0041109
1,0.0039632
1,0.0036925
1,0.0040125
1,0.0041602
1,0.0041109
1,0.004234
1,0.0035448
1,0.0033478
1,0.002634
1,0.0029294
1,0.0022893
1,0.0037171
1,0.0038155
1,0.003914
1,0.0038648
1,0.0039386
1,0.003914
1,0.0031263
1,0.0037171
1,0.0037417
1,0.0037417
1,0.0037171
1,0.0026586
1,0.0037171
1,0.0037171
1,0.0036678
1,0.0037171
1,0.0036925
1,0.0033724
1,0.0036925
1,0.0040863
1,0.0044556
1,0.0042586
1,0.0043571
1,0.0042586
1,0.0041602
1,0.0037663
1,0.0037171
1,0.0044802
1,0.0045048
1,0.0041356
1,0.0041356
1,0.0042094
1,0.0043079
1,0.0043079
1,0.0043571
1,0.0043571
1,0.004431
1,0.0043571
1,0.0043571
1,0.004431
1,0.0043079
1,0.0042833
1,0.0041602
1,0.0041109
1,0.0037171
1,0.0036432
1,0.0037171
1,0.0036925
1,0.0043817
1,0.0042094
1,0.0041602
1,0.0041602
1,0.0041602
1,0.0041109
1,0.0041109
1,0.0040617
1,0.0039632
1,0.0036432
1,0.003594
1,0.0034955
1,0.0026832
1,0.0022401
1,0.0021909
1,0.0021662
1,0.0021662
1,0.0022401
1,0.0022647
1,0.0022893
1,0.0022893
1,0.0023878
1,0.002437
1,0.0026093
1,0.0026093
1,0.0025847
1,0.0020678
1,0.0020924
1,0.0021416
1,0.0021662
1,0.0021662
1,0.0022155
1,0.0022155
1,0.0021909
1,0.0021662
1,0.0021662
1,0.0022155
1,0.0021662
1,0.0021416
1,0.0020678
1,0.0021416
1,0.002117
1,0.0021416
1,0.0021662
1,0.0022647
1,0.0022893
1,0.0023386
1,0.0023386
1,0.0022893
1,0.0023386
1,0.0022893
1,0.0022893
1,0.0022893
1,0.0022893
1,0.0021909
1,0.0022155
1,0.0021416
1,0.0023878
1,0.003594
1,0.0048494
1,0.008148
1,0.010536
1,0.011742
1,0.013416
1,0.014302
1,0.014647
1,0.013982
1,0.014007
1,0.015139
1,0.014622
1,0.015508
1,0.015238
1,0.017059
1,0.015139
1,0.014844
1,0.015902
1,0.01605
1,0.014745
1,0.013465
1,0.012776
1,0.011939
1,0.011791
1,0.011988
1,0.011471
1,0.01285
1,0.012628
1,0.014548
1,0.015631
1,0.015951
1,0.016961
1,0.017305
1,0.017207
1,0.016493
1,0.016345
1,0.016665
1,0.015385
1,0.015188
1,0.015114
1,0.016641
1,0.013687
1,0.013293
1,0.013194
1,0.014302
1,0.01413
1,0.012653
1,0.011791
1,0.011077
1,0.01056
1,0.010388
1,0.0093788
1,0.0092558
1,0.010019
1,0.0096004
1,0.0087634
1,0.0078034
1,0.0076311
1,0.0084434
1,0.0087388
1,0.0061049
1,0.0077295
1,0.014474
1,0.013564
1,0.015804
1,0.014204
1,0.013564
1,0.01216
1,0.012653
1,0.013219
1,0.014179
1,0.015041
1,0.014918
1,0.014671
1,0.014007
1,0.01189
1,0.010388
1,0.013194
1,0.012382
1,0.013071
1,0.0074834
1,0.013859
1,0.015434
1,0.01152
1,0.0092311
1,0.010659
1,0.011176
1,0.010364
1,0.01061
1,0.011102
1,0.0069418
1,0.0091327
1,0.010536
1,0.0092558
1,0.010117
1,0.009625
1,0.0096742
1,0.0088373
1,0.0080496
1,0.008665
1,0.0087881
1,0.0088619
1,0.0081726
1,0.0073849
1,0.0081234
1,0.010019
1,0.0098219
1,0.0093542
1,0.0079019
1,0.0085419
1,0.0084188
1,0.0099943
1,0.010388
1,0.011988
1,0.012357
1,0.012801
1,0.012825
1,0.013022
1,0.0091819
1,0.0082465
1,0.011077
1,0.013859
1,0.016222
1,0.015041
1,0.014105
1,0.013785
1,0.010757
1,0.012874
1,0.011127
1,0.01184
1,0.010708
1,0.011447
1,0.013613
1,0.01061
1,0.0070403
1,0.0086404
1,0.0062526
1,0.0072865
1,0.0077049
1,0.0081726
1,0.009625
1,0.008665
1,0.0082711
1,0.0080496
1,0.008148
1,0.0075818
1,0.0079757
1,0.0080003
1,0.0063018
1,0.007188
1,0.0074341
1,0.0070649
1,0.006868
1,0.0052679
1,0.0060064
1,0.0055633
1,0.006671
1,0.0053418
1,0.0056864
1,0.006868
1,0.0065726
1,0.0060802
1,0.0067941
1,0.0062526
1,0.0062033
1,0.0060802
1,0.0041356
1,0.004234
1,0.003594
1,0.0040617
1,0.0042586
1,0.0042833
1,0.0044802
1,0.0050956
1,0.0043817
1,0.0046771
1,0.0048494
1,0.0046771
1,0.004554
1,0.0036925
1,0.0040371
1,0.0043325
1,0.0032494
1,0.0034463
1,0.0035201
1,0.0023386
1,0.0016985
1,0.0021662
1,0.0023878
1,0.0027817
1,0.0021909
1,0.0020678
1,0.0020432
1,0.002117
1,0.0022647
1,0.0021416
1,0.0020432
1,0.002437
1,0.0022401
1,0.0020678
1,0.0017478
1,0.0016985
1,0.0020924
1,0.0027817
1,0.0025109
1,0.0027817
1,0.0034955
1,0.0031755
1,0.0032494
1,0.0030278
1,0.0030032
1,0.002757
1,0.0020924
1,0.0031017
1,0.0031017
1,0.0027324
1,0.0020432
1,0.0017231
1,0.0021662
0,0.0033232
0,0.0020432
0,0.0030524
0,0.0035201
0,0.0032986
0,0.0023878
0,0.0023878
0,0.0026093
0,0.002437
0,0.0020678
0,0.0029294
0,0.0019447
0,0.003077
0,0.0027078
0,0.0030032
0,0.0031263
0,0.0031263
0,0.0029047
0,0.0030278
0,0.0028063
0,0.0029047
0,0.0028555
0,0.0024863
0,0.0024863
0,0.0025355
0,0.0025847
0,0.0025847
0,0.0019447
0,0.0017478
0,0.0025847
0,0.0025109
0,0.0022155
0,0.0028801
0,0.0039879
0,0.0040617
0,0.0047263
0,0.0077542
0,0.007508
0,0.0060556
0,0.0080988
0,0.0096742
0,0.010019
0,0.0092311
0,0.0086896
0,0.0081973
0,0.007828
0,0.0059079
0,0.0047017
0,0.006031
0,0.0061295
0,0.010191
0,0.0080003
0,0.0073603
0,0.0070157
0,0.010043
0,0.0084188
0,0.0082465
0,0.0089357
0,0.0078772
0,0.0093542
0,0.0069911
0,0.0055141
0,0.0064003
0,0.006671
0,0.0098958
0,0.010757
0,0.0112
0,0.0099696
0,0.0090834
0,0.0085419
0,0.0084434
0,0.0099943
0,0.0094035
0,0.0089604
0,0.0088865
0,0.0080988
0,0.0059079
0,0.0078034
0,0.0078772
0,0.0099943
0,0.010019
0,0.0096989
0,0.0094773
0,0.0095019
0,0.0095019
0,0.0054156
0,0.0091819
0,0.0095019
0,0.010167
0,0.011348
0,0.011397
0,0.01125
0,0.010413
0,0.010856
0,0.011053
0,0.0073849
0,0.0078034
0,0.0096496
0,0.0090342
0,0.0058833
0,0.0055633
0,0.005391
0,0.0047263
0,0.0061295
0,0.0058833
0,0.0052925
0,0.0061541
0,0.0063018
0,0.0060802
0,0.0057356
0,0.0081726
0,0.010487
0,0.0082957
0,0.010019
0,0.01029
0,0.0099204
0,0.011053
0,0.012037
0,0.011397
0,0.013121
0,0.013391
0,0.01253
0,0.013465
0,0.01317
0,0.013121
0,0.013367
0,0.012481
0,0.01285
0,0.014696
0,0.014499
0,0.015484
0,0.015434
0,0.016665
0,0.01056
0,0.0084434
0,0.0070649
0,0.013859
0,0.01157
0,0.012308
0,0.012234
0,0.011988
0,0.010167
0,0.01221
0,0.011939
0,0.012899
0,0.01221
0,0.013416
0,0.014056
0,0.011619
0,0.0091081
0,0.0073603
0,0.0049971
0,0.011865
0,0.005071
0,0.0081726
0,0.010733
0,0.0016493
0,0.011176
0,0.012727
0,0.010659
0,0.011545
0,0.01253
0,0.005711
0,0.0056125
0,0.0070157
0,0.0047263
0,0.0047263
0,0.010142
0,0.010585
0,0.0086404
0,0.0081726
0,0.0098219
0,0.010487
0,0.0099943
0,0.0060556
0,0.0054156
0,0.005711
0,0.0070649
0,0.0080496
0,0.0060802
0,0.0046525
0,0.0057356
0,0.008148
0,0.0082957
0,0.0081973
0,0.0080003
0,0.0079265
0,0.0077295
0,0.0072126
0,0.0068926
0,0.0069172
0,0.0070895
0,0.006868
0,0.0067449
0,0.0062033
0,0.006351
0,0.0062033
0,0.0062526
0,0.005711
0,0.0059079
0,0.0056618
0,0.0058095
0,0.0041356
0,0.0036678
0,0.0039632
0,0.0039632
0,0.0041109
0,0.0042094
0,0.0031263
0,0.0038155
0,0.003914
0,0.0023632
0,0.0033971
0,0.0028309
0,0.0034709
0,0.0048494
0,0.0046033
0,0.0049725
0,0.0043571
0,0.0046771
0,0.0045048
0,0.0037663
0,0.0025355
0,0.0023878
0,0.0026832
0,0.002117
0,0.0032494
0,0.0040617
0,0.0041109
0,0.0036678
0,0.0028063
0,0.0029786
0,0.0035201
0,0.002954
0,0.0039879
0,0.0036925
0,0.0018462
0,0.0015754
0,0.0019939
0,0.0038402
0,0.0035694
0,0.0020185
0,0.0025355
0,0.0025355
0,0.0028555
0,0.0021416
0,0.0028309
0,0.0030032
0,0.002117
0,0.0023139
0,0.0017478
0,0.0020432
0,0.0034955
0,0.0034955
0,0.0034463
0,0.0022401
0,0.0023632
0,0.0026586
0,0.0026832
0,0.002634
0,0.0026586
0,0.0027324
0,0.0030524
0,0.0021909
0,0.0024863
0,0.0021909
0,0.0025109
0,0.0034709
0,0.0054895
0,0.0090342
0,0.0082465
0,0.0052925
0,0.0073111
0,0.010708
0,0.0093542
0,0.0090096
0,0.012087
0,0.014499
0,0.013564
0,0.01184
0,0.012924
0,0.012037
0,0.014007
0,0.015533
0,0.016518
0,0.017502
0,0.017896
0,0.017773
0,0.018659
0,0.020038
0,0.021539
0,0.021392
0,0.020407
0,0.021465
0,0.022253
0,0.021515
0,0.02277
0,0.02213
0,0.021958
0,0.021736
0,0.02245
0,0.022819
0,0.023189
0,0.023361
0,0.021145
0,0.022106
0,0.021958
0,0.02149
0,0.02021
0,0.019521
0,0.017108
0,0.016665
0,0.020013
0,0.019176
0,0.019225
0,0.018659
0,0.018832
0,0.018216
0,0.017256
0,0.016961
0,0.018733
0,0.016715
0,0.017256
0,0.021293
0,0.020062
0,0.019718
0,0.016715
0,0.017847
0,0.017551
0,0.019225
0,0.016001
0,0.014056
0,0.013884
0,0.013121
0,0.015361
0,0.015041
0,0.010364
0,0.014745
0,0.014745
0,0.0099943
0,0.012948
0,0.012874
0,0.013539
0,0.0095265
0,0.012505
0,0.01125
0,0.011545
0,0.0086404
0,0.0071141
0,0.0084434
0,0.0076557
0,0.0089111
0,0.0065972
0,0.0078526
0,0.01189
0,0.0088373
0,0.006671
0,0.0070649
0,0.009945
0,0.0070649
0,0.0068434
0,0.0092311
0,0.0084188
0,0.0061787
0,0.0070895
0,0.0066957
0,0.0062279
0,0.0079019
0,0.0095019
0,0.0062279
0,0.0081726
0,0.0093542
0,0.006351
0,0.0096989
0,0.0071141
0,0.0083696
0,0.010314
0,0.010437
0,0.010511
0,0.01093
0,0.0089357
0,0.006031
0,0.0061295
0,0.0079757
0,0.0072126
0,0.0084434
0,0.0086896
0,0.0088619
0,0.0097481
0,0.0079265
0,0.0073111
0,0.0084434
0,0.012431
0,0.0043571
0,0.0069664
0,0.0093788
0,0.0043079
0,0.0047756
0,0.011397
0,0.0059326
0,0.008468
0,0.0077542
0,0.010462
0,0.0112
0,0.011397
0,0.012185
0,0.010708
0,0.0073111
0,0.012604
0,0.0073357
0,0.0079511
0,0.0080249
0,0.0085911
0,0.0080003
0,0.012973
0,0.012702
0,0.01253
0,0.012801
0,0.013317
0,0.011964
0,0.012776
0,0.011077
0,0.010733
0,0.0091573
0,0.0094035
0,0.0062279
0,0.0078772
0,0.0060802
0,0.0096989
0,0.0098958
0,0.0081973
0,0.006671
0,0.0073603
0,0.0073357
0,0.0072865
0,0.0094773
0,0.0095758
0,0.0057849
0,0.0064741
0,0.0069172
0,0.0077295
0,0.0083696
0,0.0072865
0,0.0092311
0,0.0098958
0,0.0084927
0,0.0096496
0,0.010708
0,0.0090834
0,0.0092065
0,0.0098219
0,0.011176
0,0.010659
0,0.0084927
0,0.0099204
0,0.0098712
0,0.0085419
0,0.0070649
0,0.010216
0,0.010019
0,0.011053
0,0.006351
0,0.005391
0,0.008345
0,0.0085911
0,0.005711
0,0.0079265
0,0.0064741
0,0.0045294
0,0.010117
0,0.0088373
0,0.0065726
0,0.0052433
0,0.0076065
0,0.0095512
0,0.0071141
0,0.0091327
0,0.0099204
0,0.0066464
0,0.0060802
0,0.0056125
0,0.0061049
0,0.0055879
0,0.0059818
0,0.0059326
0,0.0085419
0,0.0061049
0,0.0062772
0,0.0053171
0,0.0055879
0,0.0074588
0,0.0095265
0,0.010634
0,0.0051694
0,0.0019201
0,0.0019693
0,0.0040863
0,0.005391
0,0.0060064
0,0.0095019
0,0.0074834
0,0.0073357
0,0.0079511
0,0.0088865
0,0.010708
0,0.0094281
0,0.0089111
0,0.0047263
0,0.0026832
0,0.002634
0,0.0049233
0,0.0044802
0,0.0070403
0,0.0053418
0,0.0079757
0,0.0080003
0,0.0074588
0,0.007828
0,0.011988
0,0.0095512
0,0.010191
0,0.01088
0,0.011299
0,0.01701
0,0.013268
0,0.0097727
0,0.0091081
0,0.014401
0,0.017945
0,0.015582
0,0.012924
0,0.014942
0,0.016936
0,0.016936
0,0.01733
0,0.017502
0,0.018413
0,0.016222
0,0.017625
0,0.02085
0,0.021589
0,0.02181
0,0.020062
0,0.017945
0,0.018068
0,0.019225
0,0.021687
0,0.019472
0,0.01605
0,0.018708
0,0.018807
0,0.019176
0,0.019964
0,0.017798
0,0.016788
0,0.016715
0,0.020136
0,0.019028
0,0.020752
0,0.01829
0,0.019915
0,0.015927
0,0.015878
0,0.019152
0,0.017108
0,0.016838
0,0.01829
0,0.016985
0,0.016862
0,0.016222
0,0.015484
0,0.015558
0,0.01605
0,0.014893
0,0.012579
0,0.014302
0,0.014573
0,0.017748
0,0.015336
0,0.014351
0,0.014425
0,0.014425
0,0.015828
0,0.014745
0,0.015434
0,0.014302
0,0.011717
0,0.010536
0,0.014179
0,0.010979
0,0.010856
0,0.014228
0,0.01216
0,0.01024
0,0.0073603
0,0.011176
0,0.010856
0,0.010979
0,0.010757
0,0.010684
0,0.0088127
0,0.01024
0,0.010487
0,0.010314
0,0.010757
0,0.012357
0,0.012185
0,0.009305
0,0
